1.6128856648069096
1.293025644904903
0.6285332626113088
0.6856646598167679
1.7497258549836439
1.496836360134394
0.6350412649227787
1.2017253916484996
1.1770906750514716
0.9058029522703368
0.571307463575649
0.5930800903700391
1.1849494175408382
0.9834498184921467
0.5886054987984681
0.5868194058002795
1.0641778415902725
0.8587571235497652
0.5629602537575745
0.5181037305948208
1.2367657300419834
1.1233060837203273
0.6275955603731562
0.6479552496784171
2.205929188556098
2.1173456058007556
0.8509432337732884
0.6789138148812067
2.0421148467952643
1.3384533789958077
0.9861529604152964
0.8694155301334029
0.5766510148484825
0.5601364444862016
1.0154945445902794
0.8588805325070669
0.5631311833434153
0.5842571838488136
0.946647193938002
0.8026489130897196
0.5478759655248877
0.5068658860682748
0.978794292010063
0.8093033069533505
0.5127577895907504
0.551982308869657
1.0511423026701954
0.8870652877847373
0.6116962028548916
0.590218780178429
1.0515688712556712
0.8918813905857975
0.6119692509402668
0.5928694796533251
1.1545913375065946
1.0281970300469983
0.6618733328188606
0.6763229464658655
0.9176322515978337
1.2028538924270145
1.0918477689361599
0.9900099877500704
0.6668625428256267
0.7234690519614062
1.0781131329705353
0.8946728682897344
0.6108546736577296
0.5954805526182515
1.6263251414423712
0.965650140475987
0.6269359215709263
0.5525672131557959
1.2430629502336645
0.992782044292453
0.6552323018800675
0.6682678111278003
1.2229095584906857
0.9949151418485854
0.7119186552594112
0.6430899436322153
1.037856884468339
0.7998223929607529
0.5672919070186535
0.4757350449306011
0.9708525721431627
0.7557229498145422
0.44362660882761046
0.4760117673110423
0.6471430248302744
1.0728759406464707
0.8683255049245503
0.8003448470752784
0.4864508708585106
0.541150771248479
0.9485954058990859
0.8074475647207977
0.5691094024853003
0.5634227994886732
0.9246560018178934
0.7652571355250017
0.55297304971985
0.5292805396770438
0.9647612691946786
0.8534621882699651
0.5975843871977617
0.5979392771607617
1.0033126489972366
0.8307849709291795
0.5974081229001177
0.5682931716681209
1.0295804841544154
0.8910191315634837
0.5853280465647275
0.6250883997753872
1.060719611636904
0.8659961084765944
0.6092846344412735
0.5332009337746908
0.7487377656726849
1.0318252267724075
1.007060677927016
0.8999748433033725
0.6023201438460046
0.6576556992081765
0.904565318609602
0.7553946158039015
0.5303903467092164
0.5094072421094314
1.3786077028723442
1.2787168809198741
0.6630392549378145
1.0804475412520596
1.0118866433105755
0.7753691012464291
0.5233037634042653
0.47597514864021023
0.9607236347920067
0.7985068133830944
0.5255895984585871
0.5335547839960093
1.0044519280532394
0.8124223663343119
0.4950626271318599
0.4841890772115002
1.0114629632219867
0.8358982782117207
0.5444515436700766
0.5474565052948924
0.728927747733307
1.0727080668047322
0.9040744849900122
0.8038029344593368
0.5047767095562985
0.5025304225964808
0.9613390648782358
0.8225131453968878
0.5648959414187206
0.5708201110785923
0.9305889653932035
0.7545948326983762
0.49920704682706873
0.5188869499634183
1.0248703568846886
0.8950940545444978
0.5788088292640536
0.607218700679224
1.1762167121829006
1.0327956273326
0.7067408203216479
0.7291590695616018
1.254894349149756
1.0439915588251025
0.6959945819491831
0.720435770183125
2.27399227166389
2.1677740734893383
0.726833566030373
0.7214442491181841
2.124301517710217
1.4013670813427892
1.1613597626993153
1.0627491824960986
0.7315123545169259
0.7992587385968242
1.209504063508908
1.0658264427697217
0.7627331371128849
0.7735136874092629
1.3609049754202251
1.2258473112547041
0.8653896175335064
0.8748406420817039
2.1726516574088244
1.1828095964796708
0.7819500676964936
0.8112405578275624
1.4249639347116136
1.2238206428308642
0.8305614849807064
0.8015713232713075
1.4160902028216316
1.1293397808153718
0.8818257387978086
0.7720912375843876
1.354390859894613
1.1598963227132668
0.8000200806816927
0.8520575814691452
1.0744515765873965
1.4701591741447122
1.239984785397027
1.1766267887337782
0.8247045713326255
0.8411007519437089
1.3482179572066566
1.1953062141246662
0.8684338458877786
0.8545571400012184
1.336476566816664
1.2035608845558554
0.8982385166265763
0.8473451657287439
1.336013867355581
1.1905828590914649
0.8205217083215248
0.8054126866181447
1.425939439518312
1.2666418913949606
0.8630772218427292
0.8890474362550627
1.4134945197259272
1.2202148856165829
0.8860951230260268
0.8252414777989084
1.533280058330831
1.3217235832571033
0.8146259377010184
0.8501643721419604
1.204398340083164
1.4236522974625316
1.2712933459919804
1.1393065203751758
0.779684369350441
0.8286552133748335
1.236139204100838
1.0615768211569154
0.7460727472849947
0.7246256448815633
1.2391496025569633
1.063000223606953
0.7470207706635823
0.7137102325341054
1.9541378240587295
1.848117598151246
0.8226071020897694
1.6667131048649224
1.208458560021172
0.9835529044361657
0.7171526379059902
0.6163690186790276
1.3172628052095245
1.10596621980636
0.6636472843423772
0.6339407421946945
1.250273294800319
0.9971898354436682
0.6246186140983033
0.6545837513265199
0.8095972555026576
1.2250026344432154
0.936730153941255
0.8277407178121777
0.5285907590509411
0.5499606503240106
0.9588043725101998
0.821195717086258
0.5576672644731312
0.5583708697308116
1.027647045232692
0.8915682770496735
0.5527846994022296
0.5825575969661093
1.1035695623160142
0.899264078169211
0.640441813416167
0.5898149117728789
1.1618639712675134
0.9834665238485856
0.6311443409620544
0.6297295034882961
1.1413294346646545
0.9420904982733789
0.6472512381547876
0.6228505340211133
1.1647120700672728
0.9671680777101587
0.5946931923750719
0.6110167205786454
0.8537872969036324
1.1456077589016245
