1.961704424393052
1.6808153536684203
1.0904561070341163
1.0876961658627802
1.843271845613841
1.4189467504877986
1.1033292069006775
1.0176410233864677
1.6875841338376396
1.4090534757202027
0.9309601503692867
0.8647002154152508
1.69439441009449
1.4525524443880629
0.9508110099111776
0.8853549339995992
1.8300218543768318
1.5718443981704313
1.051541638722604
1.0040048683885832
1.7643726760481953
1.5316019590161012
1.2892314068166355
0.10053505021918806
1.7751556473694263
1.519263115419313
1.1164487894659054
1.3131390291671217
1.1859492261467175
1.5916050180067103
1.4897809067308534
1.3240812602511967
1.1566406498659974
0.09533595919034035
1.3706890247895682
1.138720305150895
0.8042157119687418
0.9744606583769801
2.42222908219601
1.376319434323265
0.8962623424635612
0.9788021169302722
1.4730916948037498
1.2514171078526277
0.9764275124669176
0.8748639597156785
1.3929513047782907
1.0516705376981035
0.10154873892603071
0.8184166602365657
2.1343021022937174
2.026759584241503
1.8149759410642676
0.8412592709962569
1.4336481001399772
1.2220383085887099
0.9163986129417674
0.9805949116030865
1.1168997659080337
1.4087838981392125
1.6712015303867773
1.5396685201992715
1.2759368191380127
1.1108201207373154
1.8128413122966986
1.9054738452788373
1.5852006986575977
1.5566831927808789
1.9996357677744696
1.7009565265999251
1.4756738774151477
1.0752330174378852
1.536076550765873
1.2634309859587245
0.8298985341186077
0.8298248695280233
1.5148397299817433
1.3084716187621614
0.8066833887907037
0.8495017125204922
1.6136360380567578
1.2803272566032384
1.1235185150936864
0.14271446052257106
1.7444127044943698
1.5246886204091221
0.9099309749430146
0.9081916448161436
1.7278089612217473
1.9071871847334276
1.9603913073556927
1.8296310375253257
1.5411122040842198
1.3886935752098
1.8188471870114922
1.580781348667747
1.0046242965119965
1.0224616507224427
1.7891386058069656
1.6058746052774282
1.0666215709106293
1.29795246517512
2.104036460828457
1.8956411726479714
1.11868706994471
1.2656928510091425
1.932034312703047
1.6291004245702834
1.2020820571189634
1.0728125585124064
2.4645020685131787
2.427299850006234
1.1505446315402872
1.1042588338324428
2.5696242592960816
1.7001664520615063
1.1867417185504803
1.1531748442184948
1.4141880282742898
1.691196745855761
1.8696088563767643
1.608544166078134
1.1763519058782235
1.8931758724550787
1.6085541895186062
1.1106081229799574
1.1078161178579067
1.8054438482032982
1.5377420512442912
1.1277558431976749
1.1367115770788376
1.9576314965786445
1.7620809890882214
1.2289484843170513
1.1248254185746143
1.8278022833744094
1.645587891318019
1.360914133497752
1.0044818163913156
1.8884227506551992
1.6671030383023926
1.0086106181935097
1.2221557704847767
1.9135166893488333
1.6886126163826265
1.4859111094880848
1.3940239447978688
1.611681015130561
1.2810399672374757
1.6915993123552573
1.4894440964783031
1.3867451267718252
1.0887987003420148
0.9515674040689839
1.3461128748301667
1.0661212662270114
0.7785665470830965
0.7424020498911974
1.2005649627122796
1.02458399784131
0.6498807627786016
0.6037572675150037
1.2821424258818126
1.0317261836297875
0.8202212451624944
0.6483066458133552
2.193407607483574
2.1075970366852914
0.6961901009534317
1.6394920572018636
2.4249559641854534
2.3355642372089944
1.9126002178256805
2.354527909438659
2.752423580174871
2.3464629824553778
2.7147880134603137
1.940225690584893
1.9730414240451026
1.888915900594853
2.044785408094795
1.9515377349160044
1.6024168295299859
1.5807984651173579
2.4330406973352536
2.358793567564583
0.18297746276578664
1.6812552889496035
2.595814350202374
2.1126637466247566
1.7968155965381531
1.7335697863859398
2.2100093381413437
1.7813390188655573
1.2898959783242057
1.1813629600416846
2.0005152188050954
1.7357740507596242
1.258324327811965
1.2526980207879217
1.8626514196839787
1.5063047563021172
0.9705504672066566
0.9890085905406113
1.7267999650838917
1.4865925184453392
0.9830135147291553
1.0035740192921712
1.2930145391604695
1.6202262359101443
1.3695027827340485
1.2277966434050132
0.8543951725343195
0.7934687375296144
1.3518947463889104
1.1535933004508336
0.7933320832174678
0.7735151379799684
1.2367803463725109
1.0343555363136916
0.674798752318677
0.6373886885592192
1.1343346097183848
0.9507430646020503
0.6059196722717551
0.5961217598112963
1.1696702293282464
0.9034433565433649
0.7477700262099065
0.5825106975572694
1.1113832403298276
0.8926268065865808
0.5639642444304921
0.5289790262588373
2.3240236012067017
2.2522827568259376
0.3323192640182868
0.7928926093988026
2.156825753323198
1.2460307025936939
0.9675516058984909
0.8600758515431801
0.538382802481159
0.6084452020654865
1.019805925739958
0.8845047370287422
0.5461387244278133
0.555459699467877
1.0953085349856964
0.887169616884117
0.6652683413855994
0.526363487305123
1.0414488364555126
0.7521560723986074
0.4316597459374535
0.4633263549408575
0.8923634874075642
0.7121509958227038
0.4746621759820181
0.5096098229619936
0.8606154477935567
0.7193123622431252
0.4739281743820489
0.4490887770784742
0.8903256362795939
0.6708215077601102
0.46091133461368267
0.38830075386245977
0.5877022089869415
1.04776696534304
0.7118287872395243
0.6436206821553215
0.4136182272441803
0.3977088846939985
0.7877448921863424
0.6882074202704749
0.4024150954597899
0.48836070169670154
0.8081811154689963
0.6841861493343298
0.4464615769517427
0.42743902144881435
0.8315118021499703
0.7059445352311331
0.47597852726078216
0.501211907294899
0.9083405520768068
0.792719382460844
0.5146122385471603
0.5401691495797742
0.8193178890671603
0.6382638643625272
0.46467996487428714
0.37465479238416544
0.903930388197963
0.782641415771416
0.04086149647055429
0.6482527032236814
0.7693848246646681
1.5642159988249154
