2.3336708972721416
2.238959468903601
1.9460601319913031
0.9440568027777936
1.9146581197151233
1.6203076519690904
1.0873021069731492
0.9499993908538334
1.7829246483721768
1.6215575683291654
1.0606788339399305
1.0934892761902957
2.3404068359629253
2.0646637705204496
1.355093095809605
1.3467486871758834
2.200157623537665
1.7205451056536696
1.2483161054279912
1.1869130108297266
1.9183337038427535
1.6154935188846737
1.198385901718454
1.1302064835054568
1.9683933542394174
1.7365651219667928
1.1823242944280392
1.1820963322667584
1.4931732465563783
1.4922613336944999
1.7966063975157263
1.6482935496890847
1.1275373007567298
1.1557523063883766
1.933215234269413
1.4362130661678874
1.0237212334015955
1.7937037045190025
1.6053343658399324
1.0974834939238565
2.0716856464258626
1.7086651579803938
1.2938543888069276
1.2281555311142904
1.9577653030732263
1.7611613634139622
1.2676993517740063
1.3035133955226943
2.1392965256121426
1.9533089872875795
1.3993448429958115
1.4141502920261861
2.160383643795451
1.559192724801755
2.7219255790278405
2.5299800310784946
1.3911678479504153
1.2823488530408593
2.42938805129517
1.8289440281262628
2.8598848647223587
2.771555016471287
1.558550185105914
1.576510514447673
3.110586555874278
2.423208299522506
1.6900943364481473
1.8973408524609818
2.6476830991694067
2.1538598821744044
1.6815114323193248
2.5871114286958377
2.3787807986567167
1.7502291459196453
1.7841190028024239
2.850907536783479
2.5651089002536382
2.101183975150415
1.878850969739848
2.7301919255262495
2.2819259316822142
1.7051294088111593
2.8465277322671985
2.555688559591493
1.7488139837993228
1.7826877651624058
2.688030420548662
2.2177201868003533
1.7972463162451013
2.611859946463072
2.3420222459310565
2.1810214133643373
1.5930991319761691
1.696446356836148
2.4495272082136297
2.2070772952991473
1.6324727014644584
1.6571859856917983
2.437494092879288
2.1658746480710547
1.596833816845037
1.5906442403909604
2.5398791996845964
2.364195345300278
1.726161761128093
1.801108154424297
2.674622834279388
2.459074887707465
1.8800433473598603
1.8626353762216312
2.6436858409565804
2.3854184946900214
1.9301947302482598
1.7501622507722183
2.5013300824169282
2.2252944583341527
1.5934773295459022
1.5998554532169629
2.098678549054467
1.9990947615367551
2.086298829317248
1.9526518402654551
1.481800342118101
1.3557439464251468
3.0976246342803995
2.8513748722902337
3.012956427256153
1.6933287870668716
1.2411620900104934
1.2489647492272393
2.0272604472620674
1.7037568477445932
0.9959058875831878
0.9351980579631832
1.7945024236585858
1.3889653946666187
0.8816509680780443
0.7904280318962436
1.7688331800447563
1.445988723252847
0.8979883048930252
0.824762301673626
1.5940758349635662
1.242289389969336
0.8099638511944447
0.7508032117064455
1.4425509769127145
1.1584468438069757
0.8457538986250316
1.6109728592110948
1.4386930639359965
1.286506359028856
0.8507345866056866
0.8245194174159606
1.2696461078828405
1.0960165520754725
0.6888895275050059
0.6823743251926329
1.3974428278232334
1.1429355930693679
0.6592791154775042
0.5817049325115082
1.4125296922644275
1.1443192466655896
0.6972982457599738
0.6934173126380831
1.4466384045809124
1.1844130252502063
0.6922561929453935
0.6675193910160298
1.374548509374023
1.0508153270299818
0.6555140433643916
0.6358095236830164
1.321161744734717
1.0151403755766164
0.6157828345881675
0.6439476576417896
0.8638198351069349
1.2598175080896765
1.085517030373679
0.9473830494889486
0.5814169542634522
0.5292906969868971
2.1162233554069507
2.0426621913670453
0.5311574822365687
0.5323957080265934
2.042797791803961
0.7553259805648254
0.546398348049315
0.37193250743960804
0.9728678964333821
0.6262228958906815
0.27879242375649466
0.3343861380854954
1.0117684410382528
0.7451841268644283
0.35385804718055086
0.38488446881412736
0.7908428704026009
0.5016606383481503
0.2648968493860311
0.22943203720211933
1.9433534469588993
1.9136340745654576
0.2872395134679821
0.28651899666716957
1.8904962034675177
1.0630414265874273
0.916261167369746
0.8006754614861765
0.40530415649072116
0.5929360904700242
0.9315754474687702
0.7745485951411213
0.4160397898337418
0.5598862737553022
1.0032845117359064
0.7571394437441531
0.5331318604868436
0.41987361166885234
0.9129214932626588
0.7030660051438653
0.4273293964700405
0.4124957088523432
0.9630179674517797
0.764375172685337
0.44208681636233865
0.4312152567891989
0.9355199444863951
0.7354512130056119
0.47415206861522086
0.4339226701169431
1.1872116243955002
1.009887785606422
0.51725110215881
0.7227165152726425
0.8589241817008612
1.1372159675727325
0.8930032169741471
0.7859264014804502
0.4918216120688722
0.5153223472736906
0.8842971211279375
0.7039975015819545
0.45776896604358486
0.4652879344594637
1.447420876151426
1.3611623535021984
1.2149589632467475
0.45025608284709
0.972446246788392
0.7609697944528337
0.5347194320055034
0.5178837687516423
0.9702280384270539
0.8240211806496707
0.5293254437497497
0.5433738851536846
0.9390142704157554
0.7439665543540077
0.47535430360191183
0.5118114297353409
1.040096843380516
0.8659851610285099
0.4940103329558941
0.49882262641142944
0.7632086952621913
1.1446512495496943
0.8730551778868316
0.7671955405833463
0.5333960502882695
0.538011857107115
0.8387537315326881
0.7083433776816593
0.49144448461694357
0.4994615824144561
0.8755890650034
0.7360641470932092
0.5065720740385986
0.5005103331795261
0.9064670572155793
0.755706504815696
0.4966953816320895
0.5224810742837006
0.9043927104863853
0.727823639594125
0.4869520853005604
0.49262170864872623
0.8634270752067137
0.7161383174574224
0.5082650276721884
0.4755529105239826
0.8688959345249028
0.6976640822732133
0.46178480253000653
0.4494242455582653
0.5751976265269677
1.011677849306756
