2.867105469149997
2.4581209912285362
2.795142616265801
1.3120988965229263
2.328368436648762
1.8223947600747987
2.3012571349603603
2.1341069294877206
1.1402176817302592
1.7199748652268427
2.2529629705825545
1.5726715791059933
1.2808154545213553
1.0886180243609622
1.7426364262581986
1.2726619107858481
2.2199999001720583
1.0923745083127463
1.0717455114166088
1.742794281390196
1.794709243422653
2.0724352571148787
1.455305509300246
0.9525452062967272
0.9956817662315423
1.8236317038328425
1.466030296715404
0.8527838903783697
0.8119473559023342
1.5866841423410318
1.9114891084681556
2.0150728608775523
1.4955945511827227
1.5814845683345202
1.9072052751155706
1.6188658719960844
0.7672100659658467
1.4915926281505782
2.0920212627565555
1.7893259022623798
1.224433280118091
1.882808920829809
1.3722381510627772
1.9656647085356085
1.6323820920478815
0.9797145454061383
1.172401368151738
1.7756548713794633
1.4349350128187448
1.001248401320423
0.6068373683428929
1.7374212004703118
1.2967887674848662
0.664013776666417
0.7889910769957976
1.6631888537788646
1.230251887586274
0.6441774871058886
0.7229959208519219
1.5218339995113515
1.6101395207362326
1.3343320086688306
0.9064863076387661
1.0293842800674964
1.7041527685105686
1.2879374314868917
0.6820184814684419
0.8094282060015566
1.8102936388552684
1.5131642399763656
0.9723956895783394
1.170225655840556
1.704765818457295
1.3165218143319488
0.6069916309625702
0.7918904356857158
1.721890365430091
1.3521043393925711
0.605795656566131
0.8623743272991076
1.7443662079598112
1.3678465038163765
0.8704378910844723
0.998069100872235
1.682100038385374
1.3084987256711156
0.8328924331519174
0.930086401233134
1.3803716313460168
1.458578741079336
1.6076098015393305
1.3287597100250503
0.8460264616333781
0.937553843941477
1.6360509444150682
1.18120641857745
0.5517433316213205
0.7158752080397494
1.715680656268599
1.3485566239817826
0.7369948303342612
1.0443557469048248
1.627408715102247
1.3053691712408704
0.8453468281044855
0.9297595013300145
1.6132763636548875
1.2721478098492023
0.8126308797746434
0.8924397123951208
1.666936142795725
1.3957380940639466
0.996079729961833
0.8219495552963368
1.6911682748202401
1.3146436882242187
0.9341114297322693
1.0582732469258331
1.4641928707371001
1.5414998700671925
1.6217784411769298
1.308425124743742
0.8723142007978721
0.9430444963566702
1.555829673173265
1.072832724326861
0.33517268961379065
0.3979093509514292
1.7352277901851292
1.3085124318682455
0.7266534263136775
1.1008946533592698
1.7223838370531475
1.3441627755603973
0.7227261378443076
0.7827312793239966
1.83837215318631
1.4884078704005446
0.9490063689164435
0.9880263046785661
1.47845219846084
1.0268360789766624
1.6502551838795039
1.349144117859399
0.8193182569899337
0.9874620092321905
1.5622097086479416
1.1940963131294025
0.8217792804822596
1.5272943433287625
1.5670413113072867
1.2542491531879558
0.8189059883327173
0.9174577077524443
1.524364009521236
1.057117262723526
0.38927057075055765
0.5756605130362338
1.6422682286049224
1.3051574056320951
0.7469997791621079
0.9854817303548183
1.552973297331209
1.1884600475531226
0.671353008184582
0.7087409483977264
1.5702758618452928
1.283057672816649
0.8130203879506213
0.587351496445632
1.5449972722353558
1.0932117665672176
1.5954076633103682
1.2211422012564652
0.6575111703566774
0.8050352828217111
1.4690171002799979
1.0456122344665562
0.5636849497265788
1.5411448250785627
1.5442804135260872
1.2575319826170084
0.8336230365416104
1.1071857107508425
1.7039549148118112
1.3774773072751922
2.4741643983970953
2.2764567224073544
1.875157979508126
1.4100746605657715
1.606329244075109
1.2187063525727757
1.465580618150674
1.0960463229156558
1.578166208124809
1.289158625819832
0.9301730009124934
0.8124234215240189
1.5129470781991614
1.5911132071640834
1.274557342965323
1.571682179014077
1.3016849805527668
0.7937789805282605
0.6694021386268224
1.5984947715931819
1.2567582437858005
0.7305995037457765
0.38181226174245486
1.4938147458364515
1.4460645543223245
1.12204047201308
0.5548366326442256
0.775556322322799
1.3597458846364188
0.9324613063001858
0.37918012469794526
0.48118607600813723
1.5353526394053216
1.1874971742902698
0.6310172744061319
0.4192662432365768
1.4434643165007426
1.104342665456156
0.5288948422242429
0.7334051625127213
1.4306228435912685
1.0553476189002888
0.4590860151456147
0.6156476726071323
1.4359113104749133
1.1236753124425132
0.5976997881783731
0.7994158725978676
1.4335892450099081
1.1240741221625392
0.5915330205813164
0.7958189869053568
1.2953526839604634
1.4029337632168686
1.4286044521010453
1.2157407940308547
0.744737268897209
1.180770801655969
1.4068521058535097
0.9690955272953289
0.5018983868656224
0.5822668432633061
1.5200343809650816
1.1846962360692264
0.538838100679715
0.8674270289264562
1.4253888520838565
1.1956446080620522
0.8101921003014784
0.5275869733828602
1.4045698527266601
1.0510760712501557
0.44401405140032874
0.6786933797698377
1.3897990052111353
1.0426775181184684
0.42898892667960753
0.6855589739066941
1.3874747737544912
1.0380903988403605
0.5334488997167793
0.7399742374229495
1.2764025135835224
1.3907811215280894
1.4626289049014278
1.1842829940289137
2.0996415473810925
0.9908699230588964
0.49872640695247716
0.6095098435580614
1.7876524805989535
1.5989585505742407
0.3506579897194089
0.8081718606028897
1.9328733170480747
1.093425520351026
1.6572490714465675
1.142792325711301
1.485308496328605
1.0879280140776129
0.5264519209613353
0.6374873409834532
1.405410829175413
1.1152548289223596
0.7372465151756039
0.8483911893180098
1.384931722431979
1.0864624258320104
0.7039527927029744
0.7903471130720919
1.3597071368423976
1.099571338118447
0.7096527289637254
1.4530558170974979
