1.6000006126017736
1.3873208781169386
1.1861259051757018
1.3019920092159007
1.5580067853234811
1.1279052578932791
0.20980939681788824
0.5120859916158438
1.5861791001564993
1.274565674967466
0.8924612019871284
0.8135765845451136
1.5301682060589203
1.1956197247312779
0.6855138287321674
0.7488465262621185
1.5326374077625027
1.211917118749934
0.6340046157049193
0.7413889633891548
1.6163383975646775
1.304172806122227
0.908115011569818
0.9680963525094212
1.627582152237959
1.2101306944520316
1.1999063613650993
1.4712401977332341
0.82718147535672
1.4185504471381962
1.469002925545275
1.2306054384515364
0.9572897997732605
1.0267224491064801
1.5199158559858694
1.133265220355173
0.287661173317898
0.644482038116915
1.4203273755198853
1.063842892564169
0.6928410904999386
0.754039639069704
1.4053907718703806
1.1285305613738423
0.7695408976705167
0.8334454614062652
1.457635820647855
1.3878170897285789
1.1471373199441108
1.1021018261395157
1.4681731040813202
1.2647123598064907
0.8077849512332738
0.8695867330983438
1.47252085552874
1.2861207769138203
1.1128693693244094
1.0620720256389233
1.3069466232341542
1.4183937903352442
1.4084289118724194
1.0951028984370836
0.7728057722370038
0.8230586356339794
1.8688429981498635
1.7991588031703842
0.5323077547536386
1.9603525458615811
1.7999658737157662
1.9625122161566748
1.945443047969774
2.0588554538202737
1.7096604322560411
1.7051227148477694
1.4099591122277888
1.0901086175925716
0.7553746151816974
0.7721029591203046
1.4272942785753127
1.3242970800201377
1.0602492157850762
0.460885574756136
1.414431419386875
1.2540716290084106
0.9842986141519171
0.8205797539111769
1.3499526830002784
0.9421421447949337
0.7255773421343671
1.3377500270504386
1.4942660001514518
1.255247563890852
0.8340220185808672
0.9955541467662378
1.486185362474919
1.2216485009578448
0.7026086358484875
0.9579550033855996
1.4510664316182087
1.1759353823335101
1.462982890289341
1.1193106608016488
0.5686254219769405
0.5780470174166826
1.4294889036386886
1.129456855685303
0.6013973180042744
0.7509149400704838
1.402430271566967
1.0691115366624058
0.5966446617725687
0.7093997498911326
1.4851229926497684
1.2255996169426506
0.7848177631019767
1.0109267210127577
1.4518618440621427
1.098759741011452
0.649002076360732
1.3966196602699499
1.4372534647865929
1.1966934546735883
0.7923522279264683
0.9627366633335174
1.6231631013210486
1.2122872759917045
0.44960194012076443
1.6586835988171107
1.18610475322578
0.7588562818586589
0.6417829516666326
1.5420881931394466
1.1563129646632664
0.6764065667664059
0.5983961535779349
1.511641824325646
1.2572094742713689
0.8732638628153586
0.4916858264840236
1.5660203747072046
1.2198106817548462
0.6831573748603966
0.6990397658725402
1.525226227814492
1.2357899513123145
0.7610575485791778
0.6906980678074598
1.3855789348238141
1.034522802563244
1.412563236928445
1.457044827553205
1.157509733267584
0.7856373114680215
0.9864139182457797
1.538622195133477
1.400057402691577
0.7799590396498345
1.5661789954251986
1.1859327090192988
0.7377862081235945
0.558355825540173
1.5982332723320498
1.347456629638068
0.8044753710898854
0.4264698744423174
1.5913186492850717
1.1570875871711357
1.4681025726818113
1.108417969455438
0.551751074915274
0.559158981989375
1.5180690726618742
1.399662397911802
1.1145092173858848
1.4984030616284354
1.1492957528613117
0.615484451987515
0.7890366406826126
1.3220645515599219
1.3715303220994322
1.4380493386118083
1.1839235791091023
0.7858305694059853
0.9183513012425778
1.5273231479249068
1.0887341512616509
0.23188444976227968
0.764177578638005
1.5353244572905256
1.2197678134965257
0.9876960523728527
1.0349580919502486
1.4505510237560841
1.1412458973895696
0.7436330821727636
0.887959245031958
1.4560252401371279
1.2721316631261355
0.9532035311406174
0.7820995778861577
1.479249768886779
1.1497857912182314
0.6802970754322548
0.9352799017321303
1.44494450126714
1.1207210884377146
0.5272239954426589
0.6862550751472571
1.3073095396195158
1.365522724169282
1.525626254856775
1.2289279351389601
1.0496242867970236
0.9672176241243423
1.4493569170863696
1.0299751662760857
0.25345631841463356
0.5859904323826681
1.391223986034956
1.0522127824181664
0.5732384910131267
0.6346759955735508
1.3982364080411818
1.1767500817121133
0.8031165972831166
0.6092219076471522
1.458067136249614
1.1378269490563149
0.5479549142111175
0.9766288730942071
1.5179695196064367
1.2177289475035944
0.5270437156266113
1.0685245869579907
1.577331297134474
1.1707363540730913
0.7181060515159805
1.4047894013589972
1.0046155633032572
1.3996133440272982
1.6357067898204922
1.382030250626124
0.9573106072214271
1.1296966057776212
1.4735143255933447
1.0446411633201507
0.3510907973409915
0.6419778988913558
1.385071593133386
1.0375460372456329
0.5693606614761694
0.6345392273611842
1.572826169553751
1.3220863152333269
1.5081980465400462
1.0014035482634367
0.7490622231900507
0.8771533070093257
1.4369576307389849
1.2302468491196594
0.9319811780937779
0.7698200545672595
1.447147356989997
1.1116900532324054
0.5339011638076778
0.7708805451851154
1.4388304377990846
1.0769405659943405
0.5195895636082251
1.3863356222821979
1.43643722463847
1.1379911895561925
0.6524072797983088
1.0847637983118228
1.5423202788856945
1.1650203868598212
0.5262129668057824
0.957352136728719
1.4583099956245633
1.0037311402272273
1.4936838668930987
1.2407237925907735
0.929604584363413
1.0443527575806384
1.418347780289235
1.2074599083802782
0.8835107416175184
0.5120931432501021
1.4505365726940025
1.1326706819638255
0.6166304578363823
0.7844633501614159
1.5067782180443172
1.1718300781150286
0.7960512155884071
0.997780093914036
1.4581288629453615
1.1000261231628223
0.6775746854043846
1.4066729271195926
