1.6609068531445426
1.5174270420138953
1.2493777142679792
1.2248314996638643
1.4644967258146948
0.6096796708423371
0.05364826945338969
0.04245304141670242
1.432885274588646
1.0938476820281888
0.706245407763714
0.8070705979700109
1.387093376565024
1.0801217047675624
0.7622369367429163
0.792399508689166
1.360401794554703
1.0712707560101216
0.7461324977452033
0.732824125113611
1.3598207547067511
1.1305769718127805
0.8277945443569698
0.822858208717329
1.427417523511119
1.1724892599446377
0.7855310852400325
0.7635916861052057
1.4244361028302732
1.5424342607405495
2.5240373745271434
2.4133764934048436
1.5592875638584756
2.2076562406190727
1.4457366542694374
1.03867424861908
1.3589640358655262
0.7791419439463259
0.27279982491805477
0.2813104992721992
2.25324138739132
2.1192447783401938
0.6442065470700709
0.8903793507686546
2.3337724823997856
1.670071462619613
1.3263789843234481
2.4338137754947975
0.4956023302363769
1.5462613242988887
1.500199565184351
0.7037072625478114
2.2402490554496266
1.1429524584694386
1.562886364060748
1.175256672457601
0.5016850061800509
0.4919216900341369
1.350777363130372
1.548510476342167
1.96277871611601
1.9346578439443116
1.039932261657444
1.186937936984885
1.6011780987350606
1.166457700868877
1.5848262671511277
1.0964544446055158
0.4352177797114325
1.9705008524888432
1.7572564250717897
0.5826408949878644
0.6498044708573437
1.589382990259621
2.100587800227636
1.9555128370959596
1.6575591057545804
1.2261343802155389
0.7427905554291052
0.4087868950349383
1.4938640656958029
1.1426740652206089
0.5838463058491752
0.47206814249996054
1.5434798354206405
1.2030622819569374
0.697219047214096
0.5596138185749906
1.2792281609068665
1.541523339400527
1.6976112274277615
1.6502030369904654
1.2664680701723474
0.9324432504584221
1.5519706718903117
1.0953838854232993
0.3191822085696867
0.20757116550439753
1.8989361555355768
1.6195701405578062
0.4969988558534387
1.6544610183069972
2.763277087072489
2.5305579704152876
1.0683380903458441
1.5155192089488705
1.076115428996454
0.630937143189962
0.7295868808472191
1.5018697201681017
1.1998625229167634
0.4777309603376344
0.971572864808345
1.4907669981917935
1.1438576931902034
0.6803515390813061
0.8270228032426616
1.4110011176871244
1.0020080655402772
1.5230254996094978
1.6800597711312457
1.604412692466515
1.2700022933626909
1.0150239244897206
1.4985096538123146
1.0401373643455842
0.49343992911456946
0.3821660215347814
1.5560824525942565
1.472412536614779
1.1686897821175548
0.7143500579487404
1.4688146548432395
1.1039530364130394
0.3369183672106373
0.38901885845253553
1.6147225245270747
1.7164321305535375
1.672055716224046
0.5688326583391863
2.171954610892389
2.02573406280735
1.771130674055275
1.2347283831027658
1.4888822967832824
1.384091224087868
1.1585784883618528
1.023682248511783
1.4498728879640532
1.4947210258404946
1.7091627650212053
1.4564797901405955
0.9970000896499116
0.7770665700277195
1.4430737392018695
0.9188298315939436
0.274465826082109
0.2392484378439409
1.386540960097996
0.9549647233673759
0.45639338453439177
0.4094019979894141
1.4312097333686196
1.148376460807301
0.7421120463971228
0.48819908469083734
1.4477637448257035
1.1042228973453951
0.6289598214426133
0.6201753229090649
1.510150861745256
1.3175627777425751
1.0521728332969686
0.8351568029834748
1.547631018204109
1.2854423070409686
0.8274846998627835
0.9637122370508446
1.4063168686171608
1.6338247860147015
1.7685935520698368
1.7404855306920424
0.977137178775086
1.2165865795565785
1.6018662742363419
1.3100360735474081
1.5517302047936887
1.1160444847942839
0.46270553909177814
0.47901879011109133
1.5522040145496194
1.2251340993206243
0.7587717628663128
0.5806042157294753
1.5447058629471067
1.150523060936917
0.6437554188060294
0.573404888952115
1.5598630395709743
1.2958826121624032
0.8950671121913768
0.5125619919597648
1.5145034151361743
1.155766816309025
0.5861707318995452
0.6204872403627414
1.5371689462312228
1.3153778857033582
1.031572489625982
1.5531475915540338
1.6985116807640972
1.5987599458976285
1.182001440117094
0.886728537954311
1.5013671149768932
0.9706670742140692
0.26758837243379274
0.22434527920945563
1.4725086979725477
1.0550350896006826
0.465148684389458
0.43283724833004367
1.997962192789952
1.8051834813731298
2.3052483886128785
1.3006508396461314
1.6282676175225306
1.0767589428640463
0.33561006996189424
0.5415425759839568
1.4521448229315517
1.0947562093760823
0.5512502545447836
0.557651600962277
1.512490065958283
1.4145273038665798
1.0924783140644472
0.9081147642490015
2.1468297668633105
1.825246648385873
2.6192519113280266
2.6247404904190272
0.6130377458203551
2.4472352149351857
1.2509535776594616
1.598723230855179
0.8870222478549711
0.34996547505527054
0.32410152115600865
1.6845251168458732
1.2724179167863117
1.494172674567799
1.0523524588986477
0.4399499551812869
0.5587848083424164
1.4276695504329704
1.05879716463952
0.46474444802427034
0.5307066116895451
1.3970364919431488
1.0408361660058216
0.5359523563653672
0.63107853214444
1.4594975432123127
1.1472025509723363
0.6100210478875215
0.7330947272034444
1.4175644855019096
1.0583946342422732
1.484709524661824
1.631265355030119
1.3666374841974631
0.9972347080564957
0.877559239208227
1.4457125224029836
0.9835601191167695
0.5074036333783176
0.42821818064053824
1.424589205782607
1.0914518262687407
0.5954063279538547
0.39603882745510344
2.55249531541234
2.3195135489937257
2.3905437695723166
2.2884117384014138
2.9097662748532414
2.5489274046176673
2.6593797986765857
1.9088459618919096
1.9401623314753833
1.9287889172638735
1.0356027381799084
1.5035857113758522
1.083832694727504
0.41826628366763063
0.6132084923985428
1.417888481281483
1.0055168702232091
1.456205050037104
