1.9006459699891225
1.6740703111853228
1.2493016782300348
1.1702694889125373
1.8304525386760695
1.165444449116101
0.5305564799471327
0.4822446884805113
1.9251145818213304
1.53401622163824
0.8573826427204687
0.7849420491536955
1.8634838980962125
1.4316559125508594
0.7114776216658943
0.7504422610846134
1.8542587395642698
1.4362312501024042
0.732747491071613
0.6718316644796918
1.8565851583723636
1.4526917071467593
0.7342734170217959
0.7058380684151692
2.1427702215197177
1.8819206607016825
1.1379581698441996
0.8271764335429798
1.6998899389324043
1.7836696422686749
1.7901841816540303
1.5815818106848156
1.0664780943043155
0.8901718563814821
1.827701299945703
1.3477735098186372
0.6801210171537928
0.6099673068057134
1.812736215045911
1.3861520607357192
0.6559574516606707
0.666836013733086
1.8403092273631974
1.41430837341419
0.703770521225803
0.8378749605603378
1.8222550244462565
1.3881335712796408
0.7778203656511918
0.8438123302488576
1.8178159325244603
1.4389070801813633
0.8818365013909019
0.8367739930841045
2.053406001773421
1.7515082318006077
1.0992575422970994
0.8841264528103683
1.6241593444710105
1.8028500144733153
1.7477019285625217
1.4419043533589284
0.76854940681601
0.6679955116451753
1.7587153504320918
1.2794051093066936
0.6019781504507561
0.5487846852815825
1.7807539098210912
1.3544151499399766
0.6685460735071848
0.6495178883760423
1.7809045359861941
1.3453773910125115
0.6699020863492137
0.6452517502746881
1.8426283965681571
1.4604320759914216
0.8736253565161298
0.848703189257172
1.8373763191618149
1.4601129768266154
0.8715513155043976
0.8414197208636705
2.0453355252376153
1.7497728329823174
1.0531680953260123
0.8937284231712372
1.6197234023901155
1.8052448735195255
1.7654304408233652
1.4282898569208646
0.7567531605931768
0.6656589139546201
1.741570576533802
1.2595144925370956
0.5709521628841661
0.5716138416208814
1.7631315193885955
1.3484260145345794
0.6504915829303588
0.683814003039836
1.767937718739609
1.3482736425157313
0.7010807901605487
0.646294097934114
1.8170060531412349
1.4422566271732324
0.8625390861118197
0.8346081741996284
1.8107638280013636
1.4190391358588983
0.8712229283454211
0.8917686440375925
2.04466925802014
1.7498537407019725
1.1975328433500556
0.6203575572808401
1.6106427590981123
1.7887822038367558
1.7504033154883776
1.438718515196568
0.7570455297473189
0.6835528127732122
1.7373864139969084
1.2695095319545424
0.629255371041459
0.6145389590797962
1.7831131008819547
1.3577785911758091
0.6399799958269777
0.7181238875215425
1.7612878102012812
1.3254110492705242
0.6339691952438482
0.6382428727823453
1.7993189055976604
1.426105360731218
0.8534649775580566
0.8560319519091947
1.844302873012186
1.4940291249324964
0.9441521081180712
0.6315017499959567
2.0353953756136485
1.6922556069673267
0.9075763745548551
0.6975223986132759
1.6146244774849758
1.7877062293962072
1.7289241984985873
1.3851407560045919
0.7970500258016573
0.7538532571878928
1.702535682375374
1.2149574141806894
0.5400311307268084
0.5428032076560874
1.7314272955867591
1.3003628170948693
0.5916454131707292
0.6790767296765348
1.7687933681124304
1.3349035706207775
0.7063831389347236
0.8473982302711249
1.7641684701730593
1.3699874215639427
0.8353884337291396
0.8511793967639162
1.7488332534799766
1.3774524571127875
0.8505210499932669
0.8404094859760919
2.023353750677257
1.7407110725458461
1.1430292027242368
0.6046241918216703
1.5947566778556286
1.7884581312994128
1.6998310767644336
1.3516077244690246
0.6499503556386529
0.6264994146260355
1.6624200036609968
1.174184273063449
0.4988311649348001
0.535970208426621
1.6603278833159558
1.2298128712273504
0.5390346125447454
0.6486268124915286
1.7064681075905204
1.3530126400409503
0.8469600103778797
0.9277062145918906
1.7216103096531068
1.396094357105551
0.9342507713327625
0.874308247630056
1.7262799979409482
1.388669305692395
0.8738801321191917
0.8663103309583493
2.0235751440326895
1.7449413664517246
1.1432349495346195
0.6878607947011006
1.6096433826933008
1.7722322582179781
1.6937428013564577
1.3220311069388417
0.6298946842971669
0.6512717627147966
1.6563831962786422
1.177908990362107
0.5184320103780096
0.5646017810457489
1.6679522598780858
1.2470430087966882
0.57662919091499
0.6609556404142941
1.6962428544426456
1.3360805952420118
0.8425948984664655
0.8538440354672533
1.6849950881495097
1.3194874068899793
0.8468880085336488
0.8126054804772569
1.678510033075662
1.3143846221512006
0.8196906122673041
0.8287291374186586
2.008322963158683
1.763422825856061
1.2417551470362396
0.7623102762148842
1.5848699904397185
1.772186796623533
1.6099210684530703
1.2619817253217898
0.5996320029584625
0.6317325178085927
1.6257461735743806
1.1302863637190272
0.4343227028498179
0.5192419782878028
1.6330086085148376
1.1987874504688347
0.5407601242639658
0.6057523039577267
1.682053592979738
1.342502787028202
0.8388361524236123
0.8857229959933001
1.7085163761281525
1.321583855405089
0.8219853461750188
0.8340615379655435
1.763443452301902
1.4829576873351145
1.0668028311214626
1.0871508688386249
1.9587099770540493
1.6121680858588272
1.0882654287069005
1.0240661706398964
1.5876790539198513
1.772466063313178
1.6307447650343214
1.3917506165133324
0.9167701464603888
0.8831700983011022
1.660227853206223
1.1438802709520992
0.44973440707013645
0.4740207852203203
1.6421135593272014
1.2032039983327605
0.47056238908153397
0.5367443099371688
1.6727593792449993
1.2512113909031997
0.5937830913712193
0.8382954468752885
1.6670114941919276
1.2995258425278944
0.8285603236508815
0.8186830272904817
1.7023065239910151
1.3719494582447174
0.9123409715125207
0.9017642793933675
1.9523924667464183
1.658243059217313
1.0584126889479337
1.0218607284538523
1.6117129073514405
1.8052686960658577
