1.7824594793170578
1.5924118703291914
1.3132221523172547
1.2507293100264116
1.6897110616855486
0.9472300541315887
0.2381825607874756
0.2762821772617199
1.7176515960679235
1.4215501074382764
0.9963605333205743
1.0196394645592557
1.672708655898909
1.1716353460994497
0.6075131246291356
0.7926725790034108
1.6618187644631581
1.4103659342695951
1.0153684579688012
0.9111390686959829
1.7060086262708103
1.3901686767055712
1.0522420775591863
0.9444066115824543
1.9610747038649725
1.66016542927735
0.9381682313303386
0.8332903853286131
1.5708677991299775
1.748849062586179
1.588651097357944
1.3557214894410585
0.8711064062873709
0.8451329822220609
1.6273802295542839
1.090470058254066
0.36180666062982075
0.41201818394985523
1.5754810485894097
1.1248325722285302
0.39805235540712847
0.47629603640598933
1.711008548029405
1.2707614143562376
0.8895689366180958
0.818861733468501
1.746443619127193
1.3501374802200556
0.8445759537351022
0.815529738910573
1.7347625466211973
1.3594174107280066
0.8182906458412141
0.8117520837637608
1.7539560445090392
1.3825825045510416
0.9020058184854953
1.7360163633267376
1.1690805316787856
1.8155227150478488
1.6083046640887217
1.8564524212554507
1.6419616969719608
0.4917295310389281
1.586282400937715
1.0767226146385287
0.399298071107703
0.4407510148633484
1.6166983304602294
1.2025784771687942
0.46657922464425206
0.45830774364123245
1.5525739461348065
1.0969784601349635
0.4395386096893958
0.5021822103661701
1.9290358893577155
1.7635472817377682
1.007287757653809
0.9949244080770897
2.1816918667738876
1.5908053643984428
1.7647943946296742
2.090674615601802
2.2999778003380533
1.9167481294692144
1.0772179920969864
2.0520242631868317
1.6472845357317643
1.861169925079053
1.571038992115655
1.4392080777086524
1.1258372697502077
0.5885850148076028
1.5952324557115423
1.1114462276285886
0.4927521076229552
0.6212606051495974
1.578458704159793
1.064310358155064
0.2864751671630011
0.301593417409808
1.6115241852316342
1.177235818926927
0.4789878451730939
0.5009401747090502
1.6201386018989414
1.265330555662792
0.7088646701600078
0.6825826874225004
1.6863609600471436
1.414279699511803
0.93743217240337
0.4576890807150428
1.8802013405841838
1.9176971531184388
1.709304728034784
0.5866426003048419
1.5492235298139008
1.7567447197898367
1.5219592850657084
1.1172785705229025
0.3941088439670228
0.5277418148987616
1.485556232067515
0.9609584066364214
0.2454542197694047
0.30752460963113043
1.5083420638207634
1.0792033790202116
0.38317454520187216
0.4849774710887682
1.8716728326952485
1.678109527363771
1.979280985486409
2.238516858601128
1.9706992753697858
1.803999233931658
1.3208132877081786
0.8854876905523111
1.690188079647451
1.3127202980634425
0.9153868085890595
0.8827031641733319
1.926591109959428
1.4760739070082747
1.0041030383141194
0.9537317375294565
1.610514760247295
1.812805874276063
1.3952410825732098
1.1604480421691148
1.611818306785691
1.9087206068622014
2.067564517570543
1.2086743522077465
0.6752391675784609
0.4963485394933634
1.5259778110991793
1.0180423371330982
0.3090978216212435
0.30802089380442815
1.5233754063584806
1.0580602179622816
0.3516604168729507
0.6539183564721591
1.5810724093349324
1.1977945533917866
0.7079569245442497
0.798731895740095
1.590107161286647
1.2423942340976144
0.8053396105881859
0.8046346527790698
1.842497476357426
1.5272654420429561
0.9473892047240758
0.8443095833955739
1.489335049537787
1.747324257240501
1.5189517008393434
1.250022583266503
0.7834541230659476
0.7417291673694526
1.506714876450242
0.9373815749376564
0.17659028556495
0.22830090621611765
1.4824633460536238
1.022714063341466
0.30141446813083606
0.4125275621846206
1.6978937179188884
1.3801797170890726
1.132913385673651
1.7333937036456817
1.2218148938633528
0.7669579925787772
0.8557147849762785
1.627080741108444
1.227740677419563
0.7325758619885941
0.820732873424754
1.6638591013927557
1.3094878984995648
0.8597222792964625
0.9107927196490133
1.712835562550881
1.2285538513723302
1.8009312078480526
1.5314943495247408
1.2737674467881912
0.82544196670749
0.7953696147293869
1.5572519225677333
1.001191280692508
0.21280624653270844
0.22999597280630515
1.5325455241295434
1.0843316705464612
0.3883388619512372
0.5876731944092483
1.5682957298850264
1.105947173590246
0.4037082955826879
0.6916505038509442
1.592078729865319
1.2208697761554836
0.7131013229174894
0.8151191915176428
1.620599203118658
1.2907191472439736
0.8664694712539375
0.8528206018364689
1.8475605849748062
1.5104087066065897
1.0017105717204215
0.9046517652432042
1.536931631114051
1.8040177026708486
1.5607423751157645
1.2681852861888965
0.7977858783753027
0.7703705746183906
1.5394225548015594
0.9814398476259257
0.24249679565531465
0.2927887358447185
1.507267829639879
1.0219878517372554
0.2772314403366568
0.3144112706935997
1.534130804127573
1.0910573869834248
0.5324172634587594
0.7151776130450378
1.5312719774031824
1.150291897226553
0.6798564443364471
0.667389467792239
1.569371838648836
1.2415042673993248
0.8189115032422247
0.7963931737954459
1.843732865348288
1.5783819260394238
1.1195326060037472
0.4597221191328396
1.4928931567095114
1.725697094215782
1.4847146184488647
1.2436810767809245
0.8069755979449917
0.7605864347253142
1.5049008930240846
0.9472359504068887
0.24176370143855114
0.2224967093214256
1.4661518477851194
0.9968217428478849
0.2567537760363802
0.2774580214237729
1.4958657958008006
1.051135156201213
0.34660569353855336
0.7194203332054955
1.5398096035917255
1.1345941596685947
0.6495240948483418
0.6480569310755068
1.5556451286497626
1.235943686786416
0.8195310455108956
0.8007391631534349
1.8230543191312163
1.4815117598601537
0.9044978802946909
0.8140511012806056
1.5152453563542743
1.7747645264732343
