2.113939199538477
1.639862619656725
2.1631902180632383
1.6070104225531014
0.9771405789253241
0.8395388798119756
2.013678792694612
1.45792850438482
2.169491839580311
1.6370676448768207
0.7912644851154561
1.1056855261039886
2.069388091584273
1.4506640607119563
0.5847913195208955
1.8288245233968963
1.223152159616549
1.989658440650374
1.5397072634568822
0.6749877895713999
0.9608933490040177
2.007045092321095
1.5524603123891878
0.6832821615428613
0.8556389286575494
2.0728846766183477
1.6403727528115644
0.6193117542030429
1.1989211484308375
1.8066653372628667
2.9168756253256505
2.884809299821482
1.2143573038845301
1.1627279869692648
2.8620277352095207
2.553769155239656
2.4630019136935934
1.1289795827194278
2.600208978632577
2.467169695794176
1.1181319341241451
1.1641483600667715
2.4775354160955305
1.5267318609237077
0.8795874647314611
0.8822322975873129
1.9870023332145779
1.5079902647345034
0.8399431595142818
0.8900477669069258
1.995866980019037
1.5471112838513659
0.8925293143434061
0.923155687059904
2.8974895798242524
2.826285854616964
2.215756683808482
2.476534747981763
1.9523048468676825
1.7361846528381433
1.8216508033958347
1.5307501725802846
0.7188460136703216
0.7897769672499645
1.8762534689392083
1.3785225646667902
0.673027323412936
0.6588317860942153
1.9191952732921551
1.4332862999068534
0.7205820836498463
0.7492870355470604
2.1868768363877344
1.87150591138102
1.1324593887004115
0.8901017013536873
2.3703626680196397
1.6020019417065243
1.1474622762912359
1.0144237650516499
1.9663140464493623
1.4276838644710232
0.6529742343310778
0.7485361392263207
2.1429955191866368
1.7468661629648716
0.9454925885901522
0.7187541388739467
1.6768374985107917
1.7742841546677242
1.808346847560032
1.5735620214122576
0.9931215957756804
0.8460864415598974
1.877524172918726
1.3943961916238123
0.6929927262751115
0.6556060415428094
1.8850937819024625
1.4208105453435342
0.6895185734866206
0.760541759548018
2.390167581771004
2.355094194375124
1.6799787200845093
1.4821990926405475
2.596048483388734
1.5422478818326288
0.9308398537918281
0.9475932014757387
1.8999039443771881
1.4494819838954311
0.87098290848061
0.9006330882701152
2.141733703999235
1.800989475426851
1.10337342920359
0.9501146368144191
1.6718775727329171
1.819895543730091
1.7970873594229562
1.477946767820992
0.7496163627000728
0.7312098540146349
1.8600590436545688
1.3659451792219806
0.6128923215123815
0.6326083696930241
1.9191735109931152
1.4551068183020182
0.6914668192686078
0.7157985444800062
1.931663868391441
1.472411643513193
0.7139842478999986
0.7587934749612033
2.000885545913501
1.5845457247281094
0.8966492690262547
0.9514188792019461
1.9574507179570055
1.515061128657873
0.8975282865535732
0.9241529836332202
2.1456895697750027
1.7438393724141368
0.8840800751349136
0.6911493085614011
1.6259839559960154
1.8499080445995897
1.8223422851642326
1.4931946502973603
0.7746276679337312
0.7389215176263977
1.8510487920642016
1.3218807050068901
0.5874509709412701
0.5907072406181236
1.9213166363024579
1.441649877883101
0.6686288459747625
0.76991904971845
1.8683181946986736
1.4093896763036553
0.7646375839792707
0.7264466732345907
1.9220179714843715
1.503995389112915
0.889191493382388
0.9052900069475808
1.9181425893619655
1.4859316396102311
0.8769441407553937
0.8961574119104468
2.2031556873166545
1.864506088918077
1.1597790525639393
0.6456005188953413
1.69651117116018
1.8130688957736516
1.8632158837419508
1.5672250339790461
0.8559007644791441
0.7808902327815453
1.8841315853148755
1.356977024372915
0.7103838767595728
0.7324703634621427
1.8899486964076688
1.425036094399114
0.6637611375679181
0.6926954133104402
1.870900416331339
1.4071356988754122
0.7231412605452673
0.7769771136460165
1.907375268833527
1.4926251334395204
0.8753977338988082
0.8823870986628373
1.8929885715050165
1.4642412423029652
0.8916793486040351
0.9053802642770943
2.1264146194275018
1.7807848628038132
1.0779970504511343
0.9451196974062834
1.6549442882208651
1.817704049171224
1.7869026711764067
1.4770490824997002
0.7904422791439986
0.744238587329144
1.8295808469919779
1.332160373980985
0.617566082773803
0.6421551784636332
1.8815681240932565
1.4459639258476484
0.6781977622726693
0.6941517627421527
1.8917680713246758
1.4278991734004436
0.689574766615932
0.7036908293540148
1.934838458653174
1.5228224269237256
0.9027984998660016
0.8848062904337043
1.9039958668660117
1.4915844794323698
0.9634486895996816
0.9146179373377997
2.1191910899348594
1.7718842513829072
1.0754462458781087
0.9199594784927145
1.651678617484064
1.8182913237923024
1.8083356007285356
1.5110807416452776
0.8117536185487487
0.7210889032888308
1.8703899798660908
1.38171811273147
0.6371440092394507
0.6002095607569259
1.9065891818125433
1.4532414334159383
0.7135565238987345
0.7207408923358812
1.8637888938147658
1.4695307834577578
0.8761151498485262
0.7683980957919302
1.8845916199564725
1.487149403016406
0.9072692956291634
0.8812477847854497
1.8550659927540416
1.449153328597731
0.8765247355205109
0.894574740095026
2.137480360071548
1.8431556195418055
1.175697891923864
0.6385732434424002
1.646729306104806
1.8011879381633509
1.798374813305765
1.4782577445687257
0.8016192604532442
0.715566071298592
1.8203394392353747
1.3225871103265376
0.6500559303283259
0.6011671153975567
1.8507801165400373
1.3905691388003023
0.6636509085441683
0.6898154349981667
1.8375954831419166
1.3823071470861574
0.7000815093236867
0.7330493845242497
1.8898695137681774
1.502546364576722
0.8922204492083726
0.866436322037678
1.8693056147132565
1.4663095091402636
0.9147705009739483
0.8798398286325354
2.0826757163133305
1.7567720138352152
1.135415491603405
1.0039358321801244
1.6344083932426492
1.8113667255898158
