1.6249056492466118
1.5191408226430705
1.2569818442517342
1.2127687580912334
1.6768960979842253
1.3482063747425774
1.1333305174862984
1.1516110558081338
1.4156717722184557
1.3489766433939134
1.2069171602714863
1.1890521376474246
1.2515661949717192
1.312443618524956
0.9913279299692846
1.0670234637340352
1.3017933956457
1.2900037020375745
1.2021773492604728
1.1591453581766094
1.345441819762897
1.2077522969134378
1.0462156360394574
1.0688611416775526
1.3628066787176574
1.2804275674174528
1.1215857860223413
1.1460685784874152
1.2044375007707915
1.046870821755205
1.3421135417923529
1.2916337989010862
1.1594749058080105
1.1098337173502086
1.2797528266432996
1.147576613953766
1.0084615179258236
0.9621084768630974
1.2527444914609986
1.1867280286228146
1.1070171500648436
0.0
1.280769540849332
1.073140698776012
1.055889631664174
0.9564277115893217
1.3058675943571483
1.2595549713913035
1.1220792594708273
1.1185735558379033
1.329083088875567
1.1932832389299184
1.0702943703132097
1.0030073540213653
1.259099087262564
1.2848994770850002
1.112809874526529
1.112511843166577
1.2238750920213657
1.0914654494491185
1.2872277494026028
1.2665650734637972
1.0965140302046368
1.135316917717847
1.278497975749769
1.1543248831475805
1.043525179341896
1.0258029951707093
1.288556929320311
1.198040975833943
1.0127414984647756
1.012553327609035
1.232501510614721
1.1666691152289659
1.049319484498221
0.9988454138552697
1.2535471060311407
1.2260909606308834
1.0526168953657653
1.0587748728591337
1.2343563855397293
1.1519032726059126
1.043622127739367
1.0024568868996542
1.236507090600526
1.2292976711633126
1.055889800979122
1.0744413345064678
1.2149559110695198
1.0559547992681328
1.1894684023175246
1.1876573653673235
0.9669694801308709
1.02016712386858
1.186665439767324
1.1192271734628314
1.0067233177364494
1.0044495125438397
1.214733636473128
1.125917442958119
0.9635586010685513
0.9870736969086159
1.2041885989580579
1.1835384975055447
1.078556617532426
1.0309091008833935
1.198727598596358
1.195831688389769
0.9677260898030279
1.0125115337839725
1.2168309305010703
1.15718066271956
1.066543489000023
1.0286259328127767
1.2141566361092295
1.1754339947152226
1.021219204598306
1.0226182484203437
1.1699394883680534
1.0692174015334939
1.1278496925261525
1.1170415696334777
0.9044760274246265
0.9804502301356542
1.174734151277209
1.1039540259294691
0.973990635398308
0.9796291894287076
1.198363774567348
1.1321160583586463
0.9644908653151374
0.9794886729418868
1.1817579721155302
1.1414223929627187
1.0426598186914535
1.0009512308032573
1.176600557730615
1.1623552939790638
0.9791118161744655
1.0140987915214466
1.1862622950655513
1.1393183384320913
1.060436581529294
1.014156913678711
1.2016734217410228
1.1542887555580836
1.027106861761625
1.037635339558026
1.1530641654601639
1.0601235112066758
