1.7654123143016498
1.6392965820746654
1.3653920626269018
1.370837608782822
1.6256869076900726
1.4416422457931382
1.088224566512125
1.092400574779379
1.4397095431650109
1.340304385386523
1.2379163019144834
1.205878144012625
1.3651909277611824
1.240422350354887
1.0714353588197667
1.0800715680214863
1.3508100199605286
1.327876221639064
1.1656174764899143
1.2047820293556148
1.2540098172666003
1.1847381346196113
1.0404980457934605
1.0443432249730087
1.350244720530714
1.2790700491085965
1.2193113066081458
1.2244767180501894
1.2246705364939428
1.0732786571328765
1.2767472528585073
1.2688157391673944
1.1246263805426646
1.16317549699289
1.3601909993258008
1.260407660638046
1.1297359396380422
1.0815028591264357
1.3045112670896417
1.2798350967754846
1.1215453673146303
1.1549848298145091
1.2331343658140501
1.1835284623839504
1.1025744432884244
1.0699868925349207
1.2648438893594545
1.2220036169592707
1.072089552940753
1.1417217081331532
1.2969488415815411
1.2303589019490584
1.1354133126027566
1.0912988230864737
1.3026952825685305
1.291846859687336
1.1110796880522096
1.1798921653976466
1.21380953176352
1.1256723244094757
1.257921539114416
1.1993044150062067
1.0440826302449884
1.0407409773019254
1.281653733611302
1.2218817240704667
1.092997806307114
1.122429533002227
1.1222070310183272
1.2100975576734225
0.988924524919907
1.053131255109032
1.2405066624322925
1.2205963865867595
1.092478808248343
1.1057141378501576
1.2944838508823457
1.2035746360662676
1.0625496010823432
1.1149677420144153
1.2581853932136717
1.2197412349585461
1.1173557700309045
1.0739231715096356
1.2289615923450363
1.2467952042182913
1.0407660413292112
1.1127424627854448
1.2276474252353573
1.1289514250122354
1.2428271832608262
1.1829151660754924
1.0449400300583016
1.0583713280765832
1.224887735573617
1.219585508930684
1.0847018294400728
1.091180586101855
1.1259546507154818
1.0834444097503306
0.9705482904148964
0.9647225871631814
1.2616974830533576
1.2165334471959124
0.0
1.1131844836767606
1.2642070999341697
1.1586984086767873
1.0436197188185123
1.0255736033394822
1.22158639976914
1.174548021108817
1.0867466131482602
1.0759710733011871
1.158483371288176
1.043891670677113
0.9887541241752564
0.9609688060972004
1.150444176128941
1.1100467783255166
1.1973907553077392
1.1561623165820296
1.059676302320465
1.032104649058342
1.2224517736929799
1.1708071808903338
1.0543430503010331
1.053519374106614
1.1958947131309368
1.0866370262965455
1.0379843658507846
0.9669448344926627
1.231207844898885
1.1643301571337614
1.0189891539584948
1.0042323447362895
1.217189492055175
1.1295775548122204
1.0004296874178122
0.9988495209776831
1.2279506171411818
1.1481845104128399
1.0575149081454867
1.0732412130087146
1.1736366700593766
1.0025703699886743
1.0055244487007418
0.9436329267243794
1.1421033993964362
1.0978593135065957
