1.7797650269980314
1.713785109855401
1.2081040836724404
1.2779995391945704
1.6994922076074428
1.4619840942396098
1.2651784325945632
1.238421256504601
1.4814217908972664
1.3005599954556342
1.058515422304896
1.007720534697706
1.4387014594076528
1.4038999458484476
1.223666024700582
1.2402147028513129
1.3197943143608437
1.1675662507897169
1.0841796478854662
1.0191016051617707
1.4280779456454495
1.3494646194590827
1.2238116993367927
1.2356170338830912
1.4316203504558682
1.2617931081908846
1.0948542305562277
1.0663426534486786
1.2422278578047072
1.1965252576050451
1.4155862020116794
1.3842875492665732
1.237269559643061
1.198775426758843
1.389270496332103
1.321674675041245
1.1452911804551458
1.1743192918718894
1.3368799066119594
1.1988377132940977
1.0804323413064367
1.0290246265209053
1.2722345340490313
1.23992716852224
1.123228923579725
1.1443289081269836
1.2971997440606657
1.095926659275314
1.0948018580208352
0.9899950586879709
1.2963145724508383
1.2537282151163964
1.1569517726555578
1.131009423723927
1.2896176352691904
1.1985398427917249
1.0842742251445388
1.052334396381025
1.1619750679345549
1.1431133657040395
1.3074526822224046
1.2652626477295321
1.154959829270677
1.1522797378596028
1.2310020021467247
1.2203536613093553
1.0135844370837954
1.0905568385738253
1.2483073338338626
1.2035810141928627
1.1301752371600593
1.118799432157128
1.2686635359102603
1.1854701208187515
1.0420576070096796
1.0778441359667672
1.2363262048021966
1.2181407913191846
1.090865242274597
1.0859510112155115
1.2470360896027537
1.2515204293759679
1.05107308727931
1.1332495177145456
1.2483833244279232
1.1749538561275519
1.0810410690009065
1.082067493342926
1.118145855292103
1.0993244480398496
1.3036046192190525
1.2656017510053803
1.129751061593493
1.1324764947795367
1.0489247183019081
1.143743334228401
0.896392943944246
0.9788554980645678
1.202934143425197
1.205811859999611
1.0748549214385081
1.087211551788093
1.266847416864175
1.163379908583036
1.008678612770478
1.098827395538523
1.2495265442421468
1.2165774397916589
1.07440681059832
1.0875382157672047
1.0680290623521949
1.1096758862128961
0.0
0.9604839346392734
1.234889373172655
1.1851689966425967
1.1210412463646398
1.0882667314799215
1.1460554620192704
1.0340675409852569
1.216312019132827
1.2173472166324206
1.0587713010109978
1.0571439253320958
1.2401117676318927
1.0590873992650507
0.9841568615066034
0.8975465980701048
1.2187151555168618
1.194828101146013
1.0528300107651272
1.042700288324681
1.2316574882111107
1.1137124153806575
0.9731615968148938
0.9606068579808429
1.2463898423702335
1.2022213098988246
1.0595257517454624
1.0792271831523081
1.1952195391412095
1.0776030885725871
0.9947588877908868
0.982279280804209
1.2313544870141857
1.1998061803997022
1.1203567944225103
1.082663353429374
1.139664762782347
1.0370262267728487
