0.19301527109119748
0.14405071174183007
0.05734329333624082
0.030381868190224853
1.276689497686287
0.617609676156247
0.0733623077939177
0.059630063978077026
1.412833186811114
0.9939897264650702
0.07659109350943835
0.6982771839296011
1.2820012551808535
0.7612275771716883
0.12307211180866255
0.1339763078804161
1.2752126865847313
0.740178939905602
0.09978478822884446
0.28421316572621186
0.7849119398189056
0.2982870966545554
0.15451596861926398
0.076214134105603
1.3387613006967172
0.8697301140388863
0.0343990920066017
0.18158184860460433
0.9591569561496279
1.8965718944611538
2.4093985240685
0.10436236121156728
0.08414098992673848
0.03330142780633053
0.2625047780496247
0.16491311942488704
0.05031593496729748
0.007588428834993646
1.346319253188282
0.8717359224985946
0.04250354788670503
0.0037557138460934257
0.9355756993384687
0.1440946206835809
0.07837490309895405
0.04108428265225155
1.1898817702165283
0.802046579442614
0.03980175291897464
0.10232159960107354
1.774880750947804
1.5364399620190985
1.0231612685518352
0.5414939392145807
2.0120623671889026
0.7561640540965693
0.4345248553738251
0.10738934110601396
1.2016564900319873
1.6247439866104487
0.720293744744703
0.6068205811510308
0.031240155785678722
0.13140199192209634
1.454229556258151
0.4875127086190769
0.13243973153318006
0.013320467273517739
1.255850071884884
0.6726770162967081
0.5229471808525087
0.03884012113258677
0.7105301794664652
0.2766062007799019
0.15621840423080718
0.07094089702504448
0.9849055003348354
0.6699170268019834
0.10316070444222682
0.08850115006066894
0.8804000370849424
0.429571445959149
0.15059642579484045
0.002674974312612196
0.9723542062071082
0.5900715831630842
0.08695025763817386
0.4325782965326983
0.7364602424791175
1.553226474415861
1.5697980660500195
0.8036995907281604
0.44827568220585395
0.21989142086786706
0.7324906090768535
0.33677546007397485
0.1896302628341583
0.25401292710151097
0.5310660178146289
0.42799257129125734
0.27247733976125327
0.2442842652255529
0.6893828590444747
0.4651908154535608
0.20478803201161788
0.14813674016568276
0.6859736842891516
0.4820153571175378
0.19365047367880006
0.17622846089809763
0.8989272126047851
0.6735987509306363
0.3545669684415925
0.01463537797131983
1.6265859850828577
0.6923917911638263
0.27327487147995994
0.5079782038009747
0.5977189498777015
1.5614211807477822
0.6880499419038826
0.6371081091968258
0.32729563893686586
0.21439059167401275
1.5889025781252484
0.3305938008596883
0.27065130499044693
0.238148196137847
1.4051065979348647
1.2200346500831825
0.19789217504016338
1.0361651125608442
1.165472075639095
0.8318208980905457
0.23939174138729194
0.1584728236241215
0.9030522509938415
0.370321351771546
0.12380825385453323
0.19557757192472697
1.1797380771377075
0.8332862739022461
0.3603192428343223
0.01352447341315167
1.2301222994199825
0.700953393792842
0.24574602428390138
0.5758642821226488
0.9815530431883431
1.5001913937970044
0.7372722777190699
0.4734145660730798
0.10756402378430313
0.04413005928787722
0.5975285452272094
0.17361581859903105
0.01465030665828451
0.08032941483222841
0.3552982752635427
0.24566209338559294
0.11872564534365743
0.0031880122975404372
0.42203214352335805
0.26104112924875034
0.14587660594072566
0.05509768433035397
0.4410079491405536
0.26712690054194493
0.03158555909256095
0.09121204205035974
1.475747501271769
0.7158521052649334
0.11565463307662266
0.23314185852809413
1.576343867852778
0.5908972602587779
0.036082549680973616
0.344666401551041
0.7130477580623171
1.4298535755030166
2.403879651512493
0.5225160120366573
0.3970275484171227
0.2623134159881237
0.3331221991818124
0.14106194621539692
0.10614695673399518
0.0024164438823909844
1.5453542884135083
0.3059520340899941
0.1313072157632596
0.03232774237189673
0.4549116365562312
0.20527844456434752
0.12819121691813054
0.04971204560073694
1.0364678101611298
0.6965111473167499
0.10649555651324054
0.1602327456553989
1.0201638019168093
0.5801047131518959
0.05887927814548689
0.16727391807618414
1.3092875862580244
0.7495382389052113
0.00802743043475273
0.35302826062503523
0.8601738097806739
1.633395653953495
1.5667698138435397
1.5656400138802515
1.3606767080346003
0.3509418305089815
0.6281249366269425
0.17245705656177357
0.0022974215511398074
0.06034576014911283
0.39100867442363546
0.24858192948233365
0.14545908645371744
0.002993018654478404
0.3803620174803838
0.2385280951116445
0.1433820431976012
0.04114094247571788
0.7604539061506026
0.6025454923153
0.07492639721409566
0.19256926910839495
1.2154588031845905
0.863000062003705
0.004387872857285591
0.3286549990773802
1.429467837837792
0.4133774064645655
0.015563483559995072
0.2647298655157976
0.5476105219388011
1.4459406689033865
0.6184177726984156
0.5440725839841393
0.15304801753490338
0.07403973598878183
1.6616623706342757
0.4095408996377211
0.05900460296374501
0.008491282825361365
1.4569694764963568
1.2714697774691415
0.27907077837784167
0.009283903108958155
1.4568770167754141
0.5728626697441672
0.33082803188432164
0.06625364883274176
1.1605813735059853
0.7669726000623687
0.1658038670760488
0.3886778144603239
1.1040730580791818
0.7071001932745239
0.020097381655175644
0.33864154148528025
0.9451113240142719
0.4868407570694968
0.042648042422861195
0.5286837520958784
0.7951643574115691
1.5044282838237886
0.7031773111307283
0.6257975484667466
0.2154950175528797
0.061985506802056854
0.6490076524215301
0.1398165024171604
0.03486200731185058
0.03138763068507639
0.28594451864758347
0.16946727528431535
0.0684278520188449
0.0029403108306198544
0.35910267689653375
0.2593267327549952
0.12144159140308562
0.04111593786665536
0.4894308659342976
0.31817988222740967
0.06782256333202395
0.17519224789594318
1.6126554513509277
1.1647551828228675
0.3976682591890748
0.5782187343357569
2.188486589644124
0.5632933610077847
0.06142398275872804
0.5724076842993374
1.2599746553961737
1.4934822838520776
