2.305856059094711
2.0105781884656655
1.1103802769486597
1.2477103892436001
2.1571592697144015
1.9285267649190425
1.3479762519994607
1.4939378900488116
2.5614376353039914
2.151791308709537
1.0689658144259442
1.0897896060547836
2.5185487538608893
1.6565606974475564
1.3335537085463103
0.9883946217851027
1.8610716360923203
1.4806397130446418
0.9860435113664255
1.0318571150926241
2.070434485264024
1.8016121466738813
1.2956543910103577
0.9903630485703097
2.897275417423283
2.6587820195267033
2.411170410097508
1.4304888779400893
1.540326804824488
2.562403948984326
2.169361233461575
1.9400600039797133
1.4686863207529293
1.3061996752783869
2.2609940251854685
1.9717874975603358
1.1670092850942855
1.182498109723152
2.375148550774136
1.955519226824159
1.3217680455063214
1.305102741283811
2.219125190688052
1.7989639417174306
1.1454420396697227
1.2449757889066877
1.935059518391882
1.575077468417763
1.194976496564514
1.034600110646575
2.3630089675335975
2.0581222896027813
1.3101214048461076
1.3544659958547962
2.385834703996142
1.913684463295866
1.10949332360171
1.3197574735964563
1.6388527724412252
2.137056280964601
2.219122150346585
2.00356983528364
1.1514602780753
1.0797333735350052
2.938730346443903
2.6799566439038016
2.411761063942592
1.7075370678650712
3.1881136596378274
3.03921454192898
1.7026462923378143
1.7414113363676529
3.1786787476506655
2.2396304774775686
1.772522245410572
1.3868789148108451
2.2233702680485523
1.931390078786991
1.3067934667716798
1.4110879875581637
2.4869693564315507
2.118138521076816
1.5897585721607166
1.361913235689758
2.0784809933687205
1.6122222060555416
1.1266857061539512
1.079856640358588
1.5997463866192383
2.5378202554139766
2.0971713886392753
1.9862776798674644
0.9873207391329039
1.3456784124932184
2.2493647860960553
1.8344505876567747
1.5837541981795287
1.255589491119729
2.0613430471422376
1.550942309510975
0.9575224805441712
0.9657981277405746
2.690682779677238
2.5567040135995236
0.8570242369735472
0.7638398800848499
2.6826004697140995
1.3177506202058653
0.8958977494526869
0.8646693692000168
1.4195370975540744
1.1507958549608475
0.5456002924373424
0.6525803561670466
2.15798050510151
1.8007760126758243
1.1696001879460765
1.1930591394059402
1.3256769470909924
2.075153264606644
1.9952984431427487
1.7991542862199057
0.9360231418564264
0.7719269580020282
1.9407184448237647
1.9119357450805614
1.2729764123770535
1.2012938363615777
2.654839746640861
2.3165200911924524
1.2744084618988336
1.2428080428341115
2.6167374443260183
1.9470082654341985
1.4133061495664943
1.3163353183293365
2.8408277591586564
2.6894057526628408
2.461816672578043
1.4283039242806461
2.3743877952923116
2.0173491879047005
1.4443029075632352
1.1868651235273968
2.832878179669563
2.6335076605811705
2.0666217718273816
1.465349071315495
2.182174109868999
2.556245807146258
2.042433791451809
2.030954697633413
1.3658300712941969
1.1388049439595591
2.450371021241232
2.2034998160554418
1.8898812017211253
1.1088628083530334
2.4963836043925345
2.145073209877525
1.1388982481281535
1.2860230215395994
2.7604871075176254
2.3339281139888133
1.690786571200526
1.444914065970814
2.5298657738663857
1.9848852552580403
1.3552191886273122
1.3209529855646696
2.048798155346201
1.6754260813547106
1.1699449374045745
1.1395098904757
2.1889615114895142
1.7902727435167376
1.0260802454832787
1.1876397435099573
1.658222931303077
2.1679455183259466
2.2967001901137722
2.2044040934504023
1.4248523616417945
1.5497798790480737
2.808705380954969
2.5445703867873455
2.1534186262103687
1.4255921139924128
2.7566361911204726
2.414268237769546
1.4401365111165048
1.2667182038683973
2.6160412181035095
1.8115745689227298
1.449980434809789
1.0880693843019815
1.9469720906455046
1.7528033757882004
1.3404159134712454
1.4570734362333964
2.1761505807816133
1.9535666759343835
1.3253353264845595
1.3526207049913828
2.0404442786246095
1.5676678329150386
1.1574838238105414
1.1147861256933935
1.5483043844802207
2.502469554853516
1.9541561608335227
1.7718115545279542
1.0723247399770097
1.0159071007360887
2.227069068880647
1.7235940881636556
1.0416942151220454
0.9629772746203924
2.4907816693855063
2.187798155666127
1.3854420238664116
1.335818040392429
3.030181627574493
2.7849974464735845
1.177345023277611
1.0869017597434478
2.964321588576651
1.7782693660114848
1.2307855031165156
1.2255696973302055
2.239592402969498
1.9513066198754008
1.2194817120650423
1.2500292696270032
2.184639612678225
1.494367171884994
0.820482496987517
0.9546777673421976
1.5118785606177823
2.343737917726666
1.9581778738318112
1.8853569733012507
1.303471873238969
1.3353828681433462
2.021710673983784
1.7483334635372245
0.9499841384860778
1.1509147341972197
2.9022814660388834
2.707883490588684
1.1361719262751147
1.1260643514009174
2.9337448610382837
1.5351795940975443
0.9319840177571407
1.0285660405834745
1.8920184486497025
1.581263235063976
1.152443562964325
1.039978417388316
2.2129367416942487
1.6331785629113917
1.1213532610613002
0.9662607752030024
2.7522357798476924
2.5268300922441673
2.4112794152152333
0.7307846889129951
1.328666605066805
2.7337662518503123
1.7514530084551494
1.598716759225016
1.1232476777182485
1.0053494335469246
1.527356168122618
1.1644697418518684
0.7899979778586992
0.6244162869612094
1.8140969357209338
1.4780710022282701
0.8340965648477907
0.826211560871809
2.2350264569183795
1.948141268419255
1.3748767595476958
1.4010610056968174
2.705620188354843
2.58643428723461
2.446801633864364
1.1277817360166826
2.197101518121514
1.8780945540427858
1.1259046280300837
1.157425853856466
2.116667590124543
1.6135261946982042
0.9859827568258798
1.033794544754361
1.5080899294210988
2.293142359906352
