2.3041638272080807
1.9027129914956502
0.8703104572869885
1.0397548518906838
2.2162092899823804
1.695918313883605
0.9558798588240891
0.8903513480099136
2.417634069199325
1.283551449458512
0.8173940414756233
0.5568191561704042
1.541868958163742
1.1662329302417846
0.5657784789157659
0.5065070488055667
2.0992293567279794
1.8179653376831848
1.0631663365204864
0.8969438176347606
2.437890152902234
2.0200739529200735
1.277378640197415
1.1107586852613942
2.0528212339099805
1.5005092689849797
0.7483109724810612
0.794237639349169
1.919363527480511
1.6767203570873794
2.3341551218714223
2.2408246620438526
0.3048659814690067
2.1983323328552213
1.4821942055806794
1.1041345630701218
0.6116190385159467
0.4724181141701957
1.7795541559436467
1.4680609260426019
0.7475663806498771
0.8306696461016552
1.6573397876165823
1.3448173234272385
0.8294253067086941
0.6494474261822021
2.1858841614085938
1.9748828141658186
1.916418213695681
0.45247291382356364
1.5475909153322125
1.364679233366533
0.5457336108337377
0.591713030487795
2.364388924820118
2.109890632579953
1.2077659723002176
1.4184809544397086
1.6643665837562172
1.8152597984414747
2.3214584646821783
2.1406067161209927
1.1226663390666236
1.2641508066827427
2.7707786642739425
2.44251741731734
1.5075223878657837
1.5448624350647033
2.9750047484371387
2.622418421506858
1.7846572671987204
1.699865893943595
2.9199025377769834
2.4768748475947673
1.464691218195196
1.6542857521535332
2.8088144759961438
2.2384575139852014
1.4587264721670412
1.3043713329086015
2.419602667339252
1.8794863353675972
1.2041697292803744
1.0427357419199814
1.7953821950166238
1.3896437195033855
0.7894188116009245
0.7359979117866953
2.5415862092104042
1.7375757118304016
1.0630866734943292
0.9879545423850233
0.3823392880627932
0.5066899481103974
1.698424033056228
1.3671859633153836
0.7781164388545551
0.6067980575656496
2.046502621757834
1.7444644586723437
0.8599526828643153
0.9945766823949712
2.1242264591962376
1.669712300723717
0.9149986616652798
0.9465053056838323
2.1986515414506487
1.8536348691391893
0.8977189748586114
1.15214248072119
2.2655791904116316
1.7309723486965805
1.063535636171932
0.9052894324675207
2.1082028621031106
1.7956326096010728
1.0191878402468582
1.2656574757774655
1.154584365532016
1.784378850903116
1.737196273577881
1.531650843334097
0.7315737359246173
0.8018349546789417
1.8106864850483981
1.2656338106730245
0.7268097913412316
0.5051644593658013
2.2214574092574706
0.9781172922381853
0.39932032504177184
0.440235270309817
1.7671256722990345
1.5232793187978182
0.7223434358921191
0.7936816167074594
2.237676552990694
1.86564090396414
1.0312218376397029
0.966926595142793
2.506299060212857
2.078595158581384
1.1824543072641294
1.163643851760329
2.3326515812970072
1.8278093410445813
0.9783037695625827
1.0840832596357215
2.1005096098713625
1.7566509577788612
1.703968428351937
1.5618210512906703
0.7714058348536067
0.8175330773939375
2.085632244727922
1.6408733184098607
0.8663468631060778
0.8298945583843559
2.1310254906606096
1.726701903730629
0.9623471991486389
0.8821873273258032
2.0869685962662845
1.5140903115766626
0.9119554481959945
0.8348116892669356
2.238958396391085
2.064963061851622
0.8021063512138789
1.8757740911591236
1.4212538470399823
1.1198729339610114
0.418617926677357
0.5242704228937476
2.3270378489500727
2.1218787963871537
1.1827935586056273
1.3953676258515784
1.7182684010493225
1.9470455286756956
2.7488982330242835
2.6354727143869128
1.228388586367946
2.3262946165061105
2.5424903505468253
2.0522795876215545
1.0874935832671742
1.3188607466354745
2.4395646122107144
1.9154474997512605
1.2105996065086215
1.0704224220466578
1.9349341861933111
1.392192776860159
0.7928370664864336
0.7617191772452704
1.6162630630705976
1.0526304773646706
0.6269297790126384
0.41677861918454795
1.4896528568066163
1.1515661040796243
0.5093477381985644
0.6025309870775104
1.8534945863611456
1.4665624064682796
0.7606084940688778
0.7507536998927867
2.5424555489485368
1.733853854130173
2.1899316555925283
2.087688826143407
1.1379556683146823
1.287989502448268
2.2166210850900776
1.6272945220753297
0.8515494598964041
0.8483440991241054
2.10498018423299
1.6553053741349508
1.0155640018023624
0.8833174432899445
1.798147198948619
1.4400969997252717
0.8157426772528036
0.7725867620214142
1.8064699558676462
1.396689459949035
0.7179081399067306
0.7043486680592455
2.114753504978545
1.6326211361025011
0.914902980255883
0.8650777081880585
2.107751972545269
1.7557625301653017
0.8892786821392834
1.240534045124432
0.7824624079936103
1.7556145070911637
1.5431804949851902
1.282725304507243
0.6025009017636372
0.656307072968866
1.550226550449403
1.1527004353620216
0.5604102526465554
0.5255259782999121
2.3702991958159876
2.1978195298521936
2.1339587140585525
0.3680409644220177
1.9087235695667721
1.684545647056919
0.6991907666582035
0.9128491342253696
2.3643185949846015
1.822349982880143
1.0902806212069212
0.9712779272219383
1.957931518083027
1.215625348038239
0.6012107066424385
0.5405933627745212
1.6117163529273242
1.149864731055477
0.5341878546174542
0.5755189142653869
1.0346831839533959
2.0849188735129918
0.9824966706864632
0.8438963093603327
0.3595373162680065
0.44214545366919134
1.5864443975817526
1.344706329494286
0.6816331733309247
0.6287593728724398
2.349899092115473
2.132895848858654
1.135183510632507
1.3823131808419535
2.512079873715883
2.1049263981889643
1.3247692207654453
1.234583565222241
2.7276275747378804
2.4650121087731667
1.039464054486599
1.1959966852667256
2.390570155126188
1.336967609545347
0.6571408846106838
0.6022577212819732
1.8788240597637167
1.525272727777932
0.7072857826302299
1.080404653667223
0.9605361018916865
1.770468738702652
