0.9131564870293399
0.5644604555558945
0.04873851877090035
0.2356576296200414
0.6444220417109694
0.2795651851839788
0.08125078226734579
0.23349726402047438
0.40999542275296114
0.296126455873085
0.07297099782379608
0.22218006347988403
0.5327445716839697
0.4055033829599371
0.033479815908439875
0.3188877829821866
0.6992840107176626
0.5373759320599314
0.06164720074520055
0.39952059052443684
0.7833595587773486
0.4726497447112977
0.0535879582112993
0.30689404847447443
0.6864072593635424
0.4208120332172383
0.04502750258730435
0.3381743492814852
0.36343875226989053
0.7980561252297488
0.4166678552826206
0.3004783333967631
0.030839161524655722
0.2466554469940757
0.5787080378932843
0.39413437642494326
0.13096287643534738
0.3083103379761847
0.4464362126313889
0.2889112766161402
0.04246597309215665
0.24846731483066783
0.481262548331521
0.31673274294975395
0.032949038572753823
0.28138424314870614
0.41289894743366495
0.30321787481802154
0.036017756129509464
0.2781560754063174
0.38495583632268837
0.25901817899992796
0.037238973768228406
0.21766400931322502
0.4894742384821467
0.2906515616943984
0.046311191582244
0.2462933054146969
0.233893809831556
1.5220390942027107
0.46950297801628893
0.35772683868762817
0.19179394745343234
0.23547905781840173
0.366087021402131
0.25166062714187043
0.05572501359525471
0.2193315815498758
0.34995355794762706
0.19940849048819106
0.032858914454064934
0.16507901341726575
0.39712281228512714
0.2451406423031821
0.024750327013994256
0.22985123223617185
0.35449659028154695
0.2829196831749835
0.040594095023846206
0.2623549851179958
0.45490862215517447
0.26887729802406196
0.06157170434591098
0.21307968793048787
0.2818015924151739
0.19749294410564705
0.03041302840378475
0.17187956325410925
0.1796990312298013
0.3697880697401553
0.27343679537354487
0.2022996129692077
0.03453396731856173
0.1757022279380705
0.2678751589278025
0.18085623939218023
0.03340196345558093
0.14303920036819814
0.26146323481145045
0.17324978662628296
0.035730644066821665
0.13254609523517172
0.3587582956995647
0.28348363329358595
0.023255036720010436
0.2608214073510335
0.17861567442645682
0.13075628345446094
0.035488614172800394
0.09913244621180455
0.16704518769225246
0.10006218231099956
0.028062995322263015
0.06905509573729146
0.18358490039018366
0.12185818676195005
0.048473030974142725
0.07958315651563644
0.07601047532632244
0.20281915170946602
0.16685204895844577
0.10395086078233207
0.0187529815859162
0.07811437674177481
0.1443086760296481
0.10859017816828839
0.024591320104200166
0.07592540492751125
0.13962755064257124
0.07989581974275226
0.024868701259763277
0.04369058196416916
0.18082271066990377
0.09672823551128146
0.01833630155067794
0.06958933622342893
0.18715508917090634
0.14538826749750577
0.026095640934339723
0.12163260329904414
0.1918962825442396
0.13580578509189004
0.03780254940228478
0.047505177611874824
0.19560444997899282
0.08773566593634566
0.024847554968244687
0.0646392852392068
0.07879449263788689
0.15972105443995044
0.16568028046479502
0.11712534064685093
0.0178570163033655
0.09025486084358679
0.3037814723843872
0.18721952673693942
0.07784839425257124
0.11935628613542681
0.15018228715780102
0.0806797730082491
0.01302244991708078
0.05760315566773774
0.1858985090416176
0.11382778906187817
0.02053523353210454
0.09171020347918533
0.151880619296384
0.12422004052049804
0.012648727890299185
0.10880596285637845
0.1752853749943906
0.11412237582098304
0.021787487051121986
0.08419982225773943
0.21173531762437206
0.14675023595427392
0.0310204691827719
0.12188811721515695
0.11424312511750348
0.18369217074851857
0.2634182787598815
0.2032816033057128
0.013509951515153806
0.1797991118339296
0.25554956588806926
0.20382929115300072
0.028600625664379944
0.18216461218918958
0.21306352886370983
0.12581438908237266
0.019389743864910953
0.10120893050560766
0.2463978131539085
0.136036722917845
0.016827589695858604
0.11382081386985045
0.29858952667784505
0.24271991452357
0.030717862044139527
0.22146151229283892
0.42700124412820545
0.34916304426371725
0.05431885147960196
0.27069484565467633
0.29596115841967724
0.16791124618388886
0.023009618234698482
0.14834960724701704
0.16922880970485996
1.5446526267986331
0.32798756136030804
0.257406694729137
0.1513939192108236
0.14698708676392616
0.3311889029811901
0.20002285280426554
0.04739631865567812
0.16506973600098754
0.3084970385008908
0.2078669273720745
0.026905804990130185
0.16988145787993983
0.3292232627188868
0.234720257626369
0.03855701707092094
0.2047023036481431
0.3415208033275461
0.27002585848629745
0.042062222085085206
0.24147582971434223
0.3846306485826016
0.2163839962724702
0.02683604197083558
0.1797132140964614
0.4045258246237595
0.25583097521352294
0.0377518985291549
0.22110689852852744
0.2355748129590947
0.36771396934856765
0.34811607451500914
0.24286969813492892
0.017594084391155815
0.2171863083031474
0.3846421107422179
0.2996255994989779
0.056860825317767906
0.2636424069918625
0.3388646348438516
0.24087974809786278
0.04210593743022671
0.20811039395463454
0.44158650096551927
0.2561873468514562
0.026561441878639683
0.23235900721752706
0.43613749209754715
0.35911128678410964
0.02834948134341415
0.346524337347277
0.43948410157307394
0.35879836877418025
0.05970347126152868
0.32454567054275607
0.3219998723044877
0.2341479556272884
0.018868311398730915
0.21134084165625205
0.20608390921924336
0.18636461425478565
0.34313818127186413
0.2156098681584165
0.021254127320850982
0.19099501760093346
0.44099190905678587
0.25933005263338427
0.11790028380747788
0.16315142898899035
0.4160428037112522
0.1750196780014493
0.03466249722818995
0.10947461580837967
0.27618061438060504
0.15567882649532544
0.01169457852431164
0.140830415897593
0.25569113720834247
0.18929512662019576
0.025712849289064216
0.17068733930642227
0.27732940921944443
0.179924035450082
0.04448418812664851
0.139448693105508
0.32333966053579083
0.2145545810224076
0.025279972752660945
0.1853624439621938
0.19537867019647215
0.2693669211635887
