0.8798709839701294
0.6130746698206129
0.22782244101419852
0.03336601057103465
0.6215080743681033
0.24770532995348205
0.1687345707160525
0.03006664400601006
0.3608448208570645
0.31126253094658807
0.14199251666183169
0.028941210277094113
0.4503978645422889
0.34883136131420256
0.18117928532099922
0.11997654940025762
0.5062549522311589
0.3215470805928413
0.1609553366171247
0.021206005411207825
0.6774752371412339
0.43443796402250257
0.1367903616513906
0.024009660391603772
0.75724875238774
0.5394858168803762
0.4419876844340582
0.06055603354968182
0.2857191854549192
0.8516140118754267
0.23743209452734398
0.22192602851612445
0.14660963005743222
0.026608537146803175
0.3050580359303264
0.2600771605614231
0.14566580570759866
0.029357213239518384
0.45194862425178267
0.37034142841973
0.19994307506163062
0.15941277478036087
0.25447044611701797
0.17351600263166408
0.013815763548294568
0.10909409483681382
0.27348596849874324
0.2142225981790525
0.11664832237922983
0.02864551818853174
0.32486021138458115
0.2464540364243843
0.11793223127295929
0.05339175819225216
0.3095241492216048
0.23130128789093438
0.17393176939553354
0.036162186935760246
0.16097436345713767
0.628193659634597
0.19063576091408602
0.183032769187758
0.14505947495980182
0.01180289699622787
0.2577214736941167
0.21000383140572865
0.12862335246571743
0.05405461583994347
0.28170021403808104
0.23063215923150757
0.09718385752655008
0.05524792376268369
0.33812979945227106
0.21756290761786418
0.18389450527704637
0.01927520998120992
0.23556445120787825
0.1958880909224422
0.1428683496437044
0.01648659261965034
0.3822202596466279
0.33671265580086246
0.12882421804870606
0.06256061691829258
0.4065916718823094
0.2543814043223564
0.17224724780178038
0.04893989158421728
0.23985820631379923
0.32282370919920766
0.1843024913006665
0.16930135105484873
0.12259583821702433
0.02157861410914413
1.5828119386651445
0.22685446388375322
0.13409990806978495
0.15789253519385818
0.14962726883283248
0.10998150384114126
0.05854934374457269
0.03284695083022384
0.13916926218376954
0.1154934706469996
0.09093578502655329
0.009431229883346548
0.17368632788907648
0.14752638963051184
0.08365594388401677
0.019150256932116336
0.2093452813728548
0.1603911452022865
0.08074148556412669
0.03574059216626785
0.17803369198896565
0.12486489716500337
0.09586402905105429
0.016396210672815027
0.07720487970975798
0.3939740035382723
0.14230318978923892
0.13113566688088377
0.10506888176390254
0.022100725401664204
0.1981197438816775
0.1635212461749343
0.0906582161933426
0.022279675205690866
0.16780294872922294
0.0970385716992517
0.056750175771480595
0.022291149194841108
0.12461149221914358
0.09690690411152193
0.06931584307091318
0.02039081986579741
0.12246912301909191
0.10062791831714414
0.05251887105937506
0.007187780856029445
0.17089640455600053
0.13436672635380048
0.03782822798793612
0.02568274806286855
0.17427836635350877
0.10351490718363854
0.05627077903521775
0.024850327395709523
0.10704454310083426
0.29835149466734345
0.0912917806833418
0.08368488547923847
0.05589707246064296
0.009442034908216865
0.2109382337078721
0.18834547189023726
0.0683234446097179
0.03307746562004568
0.34769678270870963
0.2975786751636983
0.17277904645338032
0.1127509087628739
0.30152732271496874
0.2555348836288435
0.17377555699082683
0.02915678316085475
0.3804605245111889
0.3311630467885681
0.219660197531831
0.02728943765694813
0.3866218594611355
0.30853596347747
0.20123287910031315
0.034158821400929774
0.35032690251713317
0.26711656592484356
0.21471444289598016
0.02454324319483352
0.17344995021108253
0.33382221011294
0.26180581125900726
0.2538234860506667
0.18779499638485259
0.03213418913353819
0.3437228809932522
0.2991234002745778
0.20704246101696205
0.020282543706046458
0.36731493380168845
0.28911628625550545
0.16066435582496627
0.04382556700834733
0.33181002154166905
0.23288122717319287
0.1640405432906698
0.015767195313195027
0.30964669068738754
0.24485140730424984
0.17659215075386644
0.024849779829507437
0.3302640428147666
0.2635107482845638
0.10550470732994224
0.03564931023766423
0.34899359443979927
0.22641599274189164
0.12288682253020519
0.03224220609143312
0.2104866854118059
0.23252783494096724
0.1810198791885418
0.17072343084389646
0.11200578110573062
0.03424303270342297
0.2207454412507587
0.17710654457406275
0.12626096897328168
0.016061738038415395
0.23999678036880176
0.19415531515566034
0.10798169574131036
0.02428920649539517
0.26483733721219865
0.20803642897564908
0.1257695442364655
0.039404504169617695
0.31625850577246517
0.25940445125391676
0.14672053533326487
0.032413868138026235
0.3395297131666999
0.25880189700246914
0.0927711715296822
0.026051583938128692
0.3332312270426902
0.2283828853592248
0.1747251754616182
0.023435135347499223
0.14513677422901977
0.37778554772484946
0.34344787749998346
0.3374007760755037
0.16685730890698516
0.02773599731175653
1.6345680223317056
0.4817254933596605
0.3308114545635492
0.22618673942897546
0.46379137702096496
0.37436761980687694
0.2401192414410904
0.040309621597804136
0.46238006862000225
0.3925967719244901
0.2913639783741482
0.025200628482584718
0.503081053687568
0.4484547186638395
0.345769660818766
0.03264476626356442
0.5236866185456137
0.4487196689522003
0.2691300702457078
0.06537002750246775
0.5586175095731585
0.4680017230853625
0.339452801481873
0.036167041113405796
0.37055326411576023
0.5491353795967638
0.440523140397888
0.42751486476577205
0.34009809691722676
0.02069872030294226
0.5958877893258046
0.5306957441379055
0.4306705911688091
0.031195044718721157
0.6863694953286951
0.6040755425026682
0.4005413302546264
0.17324049082570414
0.5341070429978785
0.42934934707040456
0.35713089149021054
0.04474021122482685
0.49261536644047005
0.42517316499694036
0.34308764603569886
0.033317140030911796
0.461994441288066
0.37429178725966655
0.22516525633637313
0.06595179511401086
0.45026827878761383
0.32812070955568134
0.23453219689692076
0.052843901137623564
0.24336576327204684
0.5004727844410395
