0.9836205338120871
0.7888579781262687
0.39575732548316184
0.038332684664109586
0.8304922363963565
0.4511885899433341
0.2854587198812557
0.04560897970423478
0.6758234187219375
0.5673948237305028
0.4114793213780128
0.05761621670977046
0.7063322824784773
0.5927911137812314
0.4688788254900685
0.03929194652443136
0.7049234982141976
0.5721431230255865
0.2968320990758164
0.08344801580189715
0.6606990196941855
0.4284869819126242
0.3070339477337018
0.04317777021144943
0.638640434530896
0.4973743995572119
0.2947087545287746
0.05167551668706956
0.41841860473558085
0.8411440317292022
0.5155573860602801
0.48935580374940424
0.3271183250561704
0.03968850606525536
0.8157261647230344
0.7121353456906996
0.2531489246796115
0.04341979199060984
0.7939758841886743
0.40700909454387424
0.20899893563569782
0.1625282268406849
0.4911060321126202
0.31080237682594486
0.18231200452177126
0.02598679478893927
0.41612170062738046
0.29892277561122266
0.15594825457528264
0.020981819630099402
0.8517245651676102
0.7802918161180221
0.2428137931809062
0.07709321092162598
0.8544170824186452
0.3743945491902283
0.22723489116680626
0.019218776033871697
0.30302938089225356
0.5538092886160174
0.25721541098604855
0.23214206036703772
0.17827937851517087
0.016058034808401653
0.2167174885713093
0.155946629188363
0.07960095554784309
0.019905817182027847
0.23072331426214723
0.17273260204728164
0.11687186211540543
0.02351537796992949
0.26624798828143803
0.20875338165478025
0.11325636215278302
0.02505438555461922
0.264252967298682
0.19608607822402838
0.07722703630805687
0.026831986793468057
0.26920725109233595
0.17785056538863372
0.12137670173846679
0.03169121118980114
0.2616974270829794
0.21785882880976218
0.14906589377364943
0.019397815221577137
0.14679264188327695
0.3187282388308231
0.15119407268221033
0.14306804659308942
0.10842792072150383
0.010433249425025071
0.3754104156851439
0.3293774448575621
0.06407143805584792
0.012924974571836138
0.4211045626132175
0.1960409164977234
0.1293804033563725
0.028680534632545635
0.3248850707807806
0.15736924927862703
0.07057053308554675
0.013734870901765587
1.684769827808721
1.6785049951847855
0.09348693813434608
1.656846564704557
0.2401392288626082
0.14676143365814837
0.10824537156652678
0.01830945931323528
0.2176278850737221
0.17807333781594664
0.11493430237131642
0.010418663891981792
0.14232432272928228
0.4312442187473313
0.28380183178401425
0.2497793620017273
0.16258199328158193
0.022422134977932804
0.33196659463645706
0.2604627753744194
0.15222942058786054
0.04320042795326476
0.35109532893454565
0.26741468536620344
0.1663161832961255
0.04260575056619864
0.5002056657076657
0.4364579712046826
0.27097428736303275
0.051505263328187494
0.5031673378263042
0.3384835255728836
0.19504251808312062
0.0709072784918799
0.40837677361863806
0.3018927347046219
0.24620347466148546
0.032276202445101876
0.2888144631193997
0.21131942526722833
0.09963821419042825
0.026717390957065355
0.15872759509019851
0.4067118067960207
0.10343940874973116
0.0964919367632119
0.054381535499217794
0.008010894496127411
0.17299740452475051
0.1408592202538555
0.059707176892453494
0.01800660196625376
0.2173414217472899
0.17431026924713394
0.1283018730595014
0.02294411345147088
0.20943843725258005
0.16386618358719562
0.10185987513680582
0.011404033788382905
0.21494669734957667
0.1645851418035281
0.09883179130293214
0.026159489134408586
0.28748520279303036
0.24468007168611175
0.11271381671216212
0.021123150998309716
0.34834110578867394
0.2014641764948282
0.13712769948858558
0.009615340214426806
0.14590316039447054
0.24829787579006132
0.19179014591436647
0.18369189917809786
0.12656647055490963
0.0070425101195182435
0.19565605832452265
0.13082999471531395
0.061261179049387604
0.014161866826404025
0.17743836914077493
0.11761585856099113
0.08387570071626493
0.022784433747780993
0.17446160441374275
0.13145144092242805
0.05724704776518847
0.02893724796693659
0.1698742319151713
0.11936878944575256
0.055564077493000096
0.01863318844838922
0.16889368475363792
0.13138559665714514
0.10277926839798616
0.017334036218963306
0.1917291866213677
0.1650688978769209
0.09294969415186768
0.020601969599231624
0.13581377479074233
0.1882250746395804
0.17715752659275683
0.1579772196771134
0.08649604581884736
0.008954901688642575
0.40798454154684993
0.3618502994339128
0.08775142115396276
0.0553835024937959
0.4246563050717564
0.28682567284860616
0.18173640615269862
0.028045063565556274
0.29853623007593466
0.194462174809121
0.10646428683734888
0.012927134080257857
0.3004200961073972
0.21977072847727622
0.09453778600791773
0.033786166295632136
0.35060294716575313
0.2652761388202032
0.17885117308746762
0.02916809640109244
0.2761277170605138
0.19730382998939783
0.14095258681670286
0.017726608635708005
0.13183366030836235
0.26084791274521757
0.21870167170171365
0.20365240315625793
0.10963636050279343
0.03407316985596545
0.23734519182443634
0.15767755383920737
0.07227771844065142
0.01836396184861632
0.18699369691111248
0.11873534941457496
0.09035747739729504
0.02123776851720867
0.16281782151637708
0.12999699527199723
0.06525684412126107
0.01548531880642401
1.5886940745987848
1.5811966330976521
0.05613799589175505
1.567857989443553
0.2496486813427658
0.15284813191034077
0.08439960666164179
0.020197965846733907
0.21268409532423396
0.16754389321235483
0.10696484927046787
0.012134500491646947
0.22110778989529964
0.3534916726557369
0.22436244398749977
0.21638313137661724
0.13687765140681407
0.012799448119427969
0.28138387582415
0.21958328812097677
0.10419397945448197
0.02621197541747661
0.3027664205698984
0.225785615070673
0.14572035142484352
0.026413861210872525
0.2976167277716532
0.2130860914904031
0.10382843636204075
0.026072362300536653
0.26322691429008466
0.17116919716673723
0.08454301680106363
0.04111204441894662
0.325097617307803
0.2928203978637974
0.08648877312516941
0.028047197439281975
0.3726834396248647
0.11802708397694466
0.06390746546802549
0.01163065497823442
0.10918302762428687
0.35865339733727664
