2.169832460504694
1.9534357272578757
1.2304942029373303
1.264819191312904
2.1932284619131144
1.8251801471933966
1.2509552998529685
1.2740560356183968
2.1390216689116786
1.8592823081675662
1.2872966084368926
1.2541537783030587
2.186564611114876
1.887079304314773
1.2836046455086119
1.3167446854844915
2.2042310185147205
1.9227235568104792
1.3136868385201639
1.3575110151736764
2.195251340164513
1.8687201126682882
1.3278959785017017
1.2894426450053929
2.130457711231777
1.845753112720516
1.2780620897709714
1.2633256584802663
1.6944674571788507
1.834092046384906
2.0034268197107985
1.8271192039581419
1.284502755937408
1.2718220093471055
2.0871079849039087
1.7772732202155626
1.2394340843534322
1.269008791690093
2.09707905122759
1.8070743882354798
1.2649924034680469
1.29594884973334
2.1643034561269503
1.8740160261265237
1.3370060100990597
1.3468075036168132
2.2051060649135366
1.8305236952530723
1.3362905674909333
1.280745500972452
2.135349889270541
1.8337421289586575
1.3058290808501738
1.2913537832804272
2.147451341161189
1.869262519574342
1.2579342740066133
1.300227490707342
2.2640385506986926
1.7506382292799327
1.8701192651306493
1.7148237368070554
1.1826978066107867
1.2075130310371525
1.9743451883439262
1.685466382734613
1.2202790396749488
1.2075634946183011
1.9940296435786478
1.7194384028250957
1.2145833849879286
1.2276324553248532
1.9687156236458039
1.6867943607601457
1.2088235832087242
1.2133108034766231
1.9439021734527029
1.663669532908382
1.1669929636106857
1.2015629217808683
1.9487087573508113
1.6910809150316137
1.2359708674202885
1.2167678350453335
1.9737365550679429
1.7046443050326743
1.2404089304193249
1.2108692038745337
1.5776055950126326
1.811419322352449
1.8757705701695473
1.7178586799340183
1.2119583102470166
1.2140431079532508
1.9465596746628988
1.6556863211358746
1.217595466876187
1.1889451880774997
1.957190777283936
1.6806517024164596
1.1858209711268317
1.162622845550558
2.5342535806126096
2.390954739621933
1.3618479955725573
1.3284056184781283
2.4838704155504208
1.6274749288304053
1.1697948737408828
1.1582299237796612
1.9680539111941378
1.6517057219231281
1.1183142554623888
1.105644000313737
1.936977511178679
1.5998412929210015
1.1310112789151379
1.1102979760798053
2.060070008620731
1.7756826090516344
1.7510905825521834
1.595319051168057
1.0704037672832019
1.1125948562789354
1.8874736623487747
1.6099440938086598
1.1462805278769668
1.1301029025605718
1.8948587760635809
1.6086652637558547
1.1726937821844912
1.150231179672071
1.919354797335882
1.6374564257410078
1.1663866433666497
1.148849832167714
1.894716636096746
1.6092058462539187
1.1091533147293893
1.1682881039976059
1.9937784372473268
1.702946061336277
1.2378763186031394
1.1869259780086037
1.9845111970358795
1.6858214449582911
1.1919293378184364
1.17739860474751
1.5507956768541924
1.7695900187728066
1.9305032830206994
1.7935463466826953
1.192553280276754
1.20009417597113
2.04523452335653
1.6798603219134376
1.2107743391222248
1.1970745358241106
1.993678545106375
1.7081957437864022
1.2049722202109594
1.1994298756545287
2.0263244382927414
1.7139082176489528
1.1942123685492227
1.2255443511645125
2.0131200352057697
1.6321749197431594
1.1394971003863987
1.164822626899575
2.0282837368687936
1.7258559058419387
1.2066233913553202
1.1517397595096284
2.0506598957559086
1.746036495435784
1.1461504438267962
1.1607878426361031
2.1553716000370207
1.7085048842236459
1.8810045168861265
1.749891122276232
1.1280257256816129
1.1656369681345236
2.015255406917131
1.6200950819110023
1.1224087589522271
1.1862287770459607
2.018245316815464
1.723117312787632
1.210546711818343
1.2010994804590678
2.0757275187587214
1.783602465174202
1.191266456269109
1.2852212961504992
2.1168802951734587
1.7869958916994189
1.2118523818330207
1.2131632829182242
2.336015630470756
1.9946892113580665
1.3551739487959888
1.3070420397050995
2.3679397433531446
2.0220866206194725
1.3888872414891935
1.3707357335062158
1.8002298134422965
1.853214242727158
2.0794249646225493
1.91040525362368
1.2750272631939548
1.3001558485804428
2.143374186386583
1.7636865462480673
1.2458973716055017
1.2179529572481025
2.2943512650311506
1.9750342347015661
1.2283492038237336
1.2387538367671287
2.286820454056234
1.8021730603821269
1.1968252563338966
1.2790265485223389
2.1433714801739465
1.7364137263229362
1.2062407170590355
1.2199081153405889
2.06458078721789
1.7483274949502046
1.2126490876479272
1.187798052033673
2.2302333298190318
1.9114019917231613
1.3128990878733326
1.2425428373332015
2.322539283265346
1.7721084123065631
1.9608060948495365
1.8114089164544616
1.2160780208232511
1.1978800866150812
2.075155729892513
1.717060444355182
1.198966464014004
1.1921365088480307
2.012440932675421
1.6840202597056466
1.1982992538502757
1.2232727477075043
2.5513475913022536
2.400402971162559
1.3497024238719846
2.139273504775001
2.067845211310041
1.74173966364566
1.2612510166090147
1.2304546363894004
2.1216306884359373
1.7655196491570895
1.2027922623529295
1.2186665608539833
2.209131836498201
1.8875418441202934
1.291868061163577
1.3299047884746231
1.8166752310678402
2.0191378434346565
2.348867585932566
2.1423090122343176
1.467654335104288
1.4960817082466846
2.617343891791825
2.2821132925956062
1.607689201817113
1.6621717458855498
2.80614414971853
2.4380166561544843
1.789933246126501
1.7473072236187113
2.808151133091251
2.384892647767639
1.749363002402477
1.755696876597847
2.592197148119723
2.0905173701506397
1.5022852187602065
1.53322951686995
2.3701617559590233
1.9765509783389865
1.4736305545235135
1.4162670454749324
2.304015358942117
1.8807112936891341
1.3262879811240271
1.1737858627453974
2.254379366629894
1.7192755670972162
