1.9776304566003984
1.7489650727784252
1.059863399459568
1.07309380371897
1.9904928854753707
1.6139591565606013
1.0259172411874484
1.045297690351186
1.8679245805233826
1.5808699183646298
1.043252262671539
1.0542462163028399
1.8587155605527022
1.596841081239523
1.071559815712089
1.0448732170441775
1.8186893791474397
1.5547290474532698
1.0247489311920395
1.0265730460782945
1.8354656190897154
1.5908860369644013
1.0021421522400076
1.0656846217348555
1.8197205525566318
1.5517743942795548
1.0476585917008396
1.0195622575002596
1.3987725975766625
1.6229750977189787
1.75025736931931
1.6438335992347055
1.1272276629243463
1.0130339547964329
1.87757147123144
1.6196708339572392
1.0325593246922924
1.0597336078515625
1.8158762726922648
1.4327203556923154
0.9695900661784645
0.9926656635209993
1.7689108859393896
1.5506758794730429
1.0206615077557823
0.99405051692362
1.7529023026288832
1.5043414181157435
1.020003070394385
1.047052095427366
2.1718731071679245
1.9720711684990753
1.6579168179545751
0.9850337372518325
1.8490676928629273
1.5346598258054607
1.0442930225623348
1.025441482967001
1.4305529310038374
1.6152743224447665
1.6567693625766617
1.468363225942068
1.0176291427047697
0.9813384378364882
1.7073829960162583
1.426891863787661
1.000126474647372
0.9896139469534475
1.6918247736489829
1.4356656634455007
1.0020715552279031
1.0035416160601118
1.6608090119865653
1.3941623670716035
0.9808625152836157
0.9727099618727467
1.7907482920051399
1.541359149612014
1.0570521927432557
1.0152732029581664
1.7451737852936748
1.4428667876655614
0.9346834499317374
0.957077740363209
1.702865811136663
1.4622870216646116
0.9832668173943655
0.9760544829553824
1.3380718893084431
1.5788423436361603
1.6353872801986555
1.478531595122981
0.9565179183572415
0.9589628402654506
2.4141659438866125
2.3085059559959054
1.1288600425576838
1.1414910415499446
2.360520688601717
1.4058714757045672
0.9639843613852774
0.984945951389095
1.6551926415783156
1.3600703751746803
0.9476761884000477
0.9521561550366742
1.871084295983907
1.5804705578511846
0.9830347190774079
1.085308147523835
2.0341369968302576
1.7911850920696124
1.4982521233654738
0.9124616113265133
1.746261329141968
1.4313508332420788
0.997361716994951
0.9827048455492746
1.2982688505119249
1.7218947181587252
1.671453699048655
1.5498822449657286
0.9668571109821462
0.9752734893054902
1.7490066136542197
1.3726141977380368
0.9453794972257765
0.9590772876668847
1.6476356135500594
1.4009287389482747
0.9386009015660451
0.9709013674708263
1.644718431327119
1.3980006274171783
0.9946559830067275
0.9843374731993545
1.6969171151776
1.427393469401366
0.9935795602471589
1.0150224557443164
1.6552126694400109
1.3973234391738174
0.9985216150850132
0.9716572887704729
1.7449525126800156
1.4571652036510154
1.0143046220930227
0.9658152151756006
1.3193816279775936
1.6301432271206318
1.684390232141754
1.5545306774918124
0.9582712199456731
0.9862667113929291
1.7816278048486742
1.4032749242149207
0.9541309448813815
0.9883711746297064
1.651696977073191
1.3356626249006698
0.9002386676812548
0.9368973893372289
1.6908248320089325
1.432745804918558
0.9668667890512431
0.9679740757445934
1.712505415151296
1.444474675735205
0.9959960383748607
0.9890923719140712
2.1179238105711655
1.9080287313326108
1.6196304363482914
0.8797377797664928
1.8521720995913937
1.549474629373654
1.0529696502787493
1.0091206227097655
1.4210214024583283
1.6625567948649211
1.6886609770292065
1.5211324649192164
1.0324600515755544
0.9922034807448131
1.733532041988775
1.449552962243152
0.9755112285369205
1.0313321997888014
1.7236979185176233
1.472760702521218
1.0338071276864862
1.017126755039236
1.7376571017157547
1.4792295885585942
1.0308860614838569
1.0317213162570569
1.7664924832470994
1.4916501337580166
1.046630858797338
0.996106485536588
1.8119941304527045
1.544069992333564
0.9970993430724514
1.0422717056661068
1.7626117283120064
1.5002134181462639
0.9941718196296208
0.9826827820073537
1.3501365519798791
1.6075572132821534
1.657736882185748
1.4823766425708207
1.0015191258460185
0.9479999854432476
1.7252855559613636
1.4334876341388147
0.9747155380002301
0.9610756315966125
1.7036752189671582
1.3741100006477185
0.95178998052234
0.9616339908246415
1.6402770375007438
1.3820627648080364
0.9591966371752044
0.9381950692094508
1.6595502433543698
1.4325153727749542
0.9999255087912889
1.0022543647240711
2.143155547348181
1.9664999257822318
1.6824698049220597
0.906873147539932
1.8271039393496684
1.5427498933397257
1.0541014807788127
1.0007014186416132
1.3909144531647457
1.63748455940916
1.6830169156771861
1.5066289201390373
1.0167717956605018
1.0054986038855283
2.4339170110135036
2.292261236947291
1.1173078860932268
2.0935272088156327
1.9146441938785974
1.5858953887694198
1.0519220154556443
1.0683375111590463
1.7894546976976846
1.4447986425243322
1.028647874879895
1.0117351252655888
1.6395297743866737
1.3308521140189464
1.0105499729740972
0.37618133224028794
1.9397228684035246
1.6023942409759449
1.043657987729202
1.03535071151253
1.8045797134940162
1.437516555550555
1.0068082933486058
0.9983568360077976
1.2998660455670985
1.7359843154858074
1.7217151880380497
1.5929706355192925
1.0032442717769683
0.9640876564974369
1.8054380746861975
1.4222283616284548
0.9910423633189583
0.9957788741969036
1.6434522914199337
1.3491483856967925
0.9426451030280225
0.9450870523895625
1.638727141183069
1.4150110337562125
0.9801358042795608
0.9429678755671823
1.7099844037328877
1.455707195777112
1.0079978496269026
1.0225958882374577
2.118966750882088
1.9283732494797692
1.1179287428953664
1.6052821440567873
1.753542392065919
1.4694602608631304
0.9872734567372292
0.9622512370438356
1.3645679899373442
1.6575767619285782
