2.053093399483389
1.8090204231680191
1.1009615935887567
1.0902058527122185
2.0473747581228325
1.4638260533362413
0.142895406545266
1.0813101437253307
2.339069951951585
2.1267898510684646
1.9968126176996799
0.12673298812086406
1.9253704456367522
1.5964050558356486
1.1102221790428262
1.3905677362052429
1.9095508818135145
1.695822248534366
1.1590782518693765
1.156587154950969
1.9163961988721463
1.636212598149534
1.1031108096538802
1.1146341505608641
1.839081207274306
1.5709271733076893
1.082100272251777
1.0845426567601875
1.4067002238516995
1.704168762200402
1.8776646638897945
1.699035840524673
1.2455138876880574
1.1237276792604192
1.9667035516854396
1.6775897710333116
1.1246455997997027
1.1118362934553432
1.951574760933597
1.6638395803035246
1.117953675059399
1.1398414866063307
2.091527377091135
1.8265336126341285
1.2108557906574553
1.1750412564713724
2.2260358013140453
1.92203846260408
1.258763566336081
1.3099351126587877
2.4157820941485415
1.9644069712567787
1.315508130254291
1.338752402747304
2.375679758803826
1.994475863029979
1.3431522807048233
1.336395206687407
1.8273474522027677
1.8616475170882731
2.2149120179696404
1.9432445605278075
1.3567283633130907
1.3441856074230607
2.1901917618874682
1.7900038978965926
1.2666295841802293
1.2772311634818523
2.607905751811941
2.3976819147793815
1.3403787142739432
2.073318269372649
2.025857091466852
1.641587126579471
1.1719331040813386
1.135627297199288
1.91286962419772
1.605319643495485
1.0986884909288166
1.1489903166807416
1.9476883039016528
1.5789527788044118
1.0498331458844041
1.067759859434281
1.9184945867881833
1.5857542924127135
1.0781912680556787
1.0373297966812554
1.4249502937817602
1.6987240761102609
1.7851073313046681
1.6363423524011407
1.0210763174042676
1.0921765214619952
1.8195178250960127
1.4472648355206108
0.9858017655443174
1.0055957076265118
1.704426803595259
1.4560645777703396
0.9861179551288467
1.004823454001875
1.8195810431845392
1.545941970340489
1.027669367911266
1.0154734299832187
2.4458011203853
2.3258994887290716
1.2308331079159014
1.187313810868439
2.4076858352732624
1.4446397092619756
1.0585549769596723
1.0176546169916039
1.6581034716294336
1.3720665718804632
0.9575395590884618
0.965237452382856
1.252881093631722
1.725452672029057
1.7267771632024305
1.5713132226868258
0.9998881088219754
0.9911704133018988
1.7781998754020163
1.3882646714450038
0.9736178142827255
0.97206954095123
2.1612462915131347
1.9641787944955311
1.07240343906738
1.67017911680956
1.7247683834682639
1.4333873085609687
1.0082311352691897
0.9855299002110811
1.7210898403050319
1.445839083662016
0.999766289300269
1.0238674290284244
1.755814948135429
1.4734824114708036
0.9995068853929012
1.0101624002138339
1.8189582025491515
1.5169614156526336
1.0627893374560733
1.0122166933776582
1.3656900486361043
1.6926987817489687
1.7307995129149318
1.6004909772451097
1.0340177760725933
1.065421688902158
1.776091933122243
1.4224853252549954
1.0000025199707323
1.037870475069634
1.67077824921515
1.4438942909763994
1.0253501471505946
1.0464815393948987
1.7072173918861662
1.4723976738946005
1.0317706771056452
1.0151240384626463
1.9782379414041429
1.7399867564368683
1.1227755896292977
1.1144367606534318
1.821480921300503
1.5390574939219555
1.0107772217138924
1.0233576810734957
1.8264640580704616
1.585402404974541
1.0619935312152895
1.0520906033147421
1.4505374148370005
1.6502757143156188
1.7516062654361464
1.5501933414942761
1.0387595573844897
1.035072898486776
1.821424450740881
1.539244405732697
1.0867459799902393
1.0788048569331274
2.266390920240591
2.0749960043258504
1.9568384693824634
0.11124991810940292
1.8612454797942013
1.5593383164967995
1.119713174593552
1.070986889306248
1.9985553619723335
1.7524356376279404
1.1346349189689486
1.1607625332718194
1.863682196663297
1.5740123032912852
1.0969872516012762
1.1360234199866805
1.9103669073494012
1.6239190794869194
1.1521886813088755
1.1080695818129478
1.4642661001504946
1.7123033375437775
1.7486919131461443
1.5680726245536794
1.0700282611112097
1.0990403830803583
1.8134782416714685
1.5235698456590856
1.1051719656723686
1.0944407649238077
1.793926664057597
1.555113128737931
1.0972110091225975
1.115517050279066
1.831906682154424
1.5773145736769199
1.1141569066859858
1.1089284469814835
1.949834234666019
1.6635454906079594
1.1554168249435797
1.1789672035845231
1.9532733818934542
1.5913716703535774
1.113775493638393
1.1020906872271523
1.8764018341630346
1.620470530760948
1.1105969227995174
1.0963015329731762
1.4791771175292874
1.6992174868816081
1.80036008958934
1.6219791911659727
1.1133876586344809
1.1154150395034752
1.899926312445263
1.5798342840054653
1.1265153712224245
1.0898678181917898
2.3120783029284717
2.0975117094319025
1.1806128110199525
1.775743698329605
1.943269725448027
1.6235371124987237
1.1581369562235606
1.1561054348291844
2.54552753098945
2.4176898679328143
1.2051796814892508
2.188946815008447
1.9013185346152486
1.5967336613892085
1.1294064819233516
1.1367694281005103
1.846450058020002
1.5458879023633743
1.1105948515837396
1.0966960570250355
1.399760068561963
1.842610196120447
1.7631621357307552
1.5949863607967203
1.094259209443266
1.1293694557295675
1.8738031569962725
1.5903491326877706
1.1312679299976753
1.1306162896022394
1.8684504936143866
1.5860703080650294
1.1438947495908778
1.1095441928777596
1.87301449914158
1.6029836386140128
1.098918366804346
1.0745617546031423
1.9098746409669858
1.599011819714953
1.1022304417671627
1.1193271235728313
1.8142245304966207
1.4736037456008888
1.0187984936886605
1.058691667923661
1.9331503172594968
1.6310879475586304
1.114620065971524
1.081447126054542
1.4841002783583608
1.7110940642920889
