1.9622798872945548
0.864762669424747
0.2561381290577499
0.28286232008188683
0.918097009701814
0.41788495306989304
0.19710564085998292
0.2628610645605706
1.5506477507592893
1.1753473840224993
0.3255620045764801
0.6245213071784246
1.4824751706578263
1.0893031469828212
0.5751453817703359
0.41392781009697854
1.4097110716988834
1.020040566074577
0.46036272498713415
0.6488431604640794
1.637924491584204
1.3004749104120974
1.0667366139019019
0.30604348916408225
2.127591686090893
0.6572085109613575
0.22610673028780298
0.24773857658478798
0.549373747986235
1.6492710676763784
1.5878300650166388
1.5380929807001293
0.9756712350768156
0.32320849318149303
1.2143958908969752
0.48820402698820875
0.30694361605904213
0.23603573121951155
0.6067024167714682
0.46478112198875304
0.24005180452853275
0.18079205410573526
1.2009694057268658
1.0439159182469635
0.3648620201948267
0.2889399844816357
3.303475334746069
3.293698846456892
0.14900058310833503
2.8008452297146023
2.904228515790446
0.26329132130392335
0.11688723456224913
0.1372120393588313
1.6240446368135537
1.1501859363549234
0.4838921181692181
0.16028834928018032
0.9879530453191061
1.927337603915021
0.5174687695265554
0.4749297203397194
0.21447783394498332
0.16941337148621008
0.39519376452074595
0.16987999795346895
0.06172801485151307
0.09811095651702204
0.4780350598335868
0.4399618893684311
0.12470325376240186
0.21063527179771221
0.6424699930686872
0.41031703366954125
0.1425152155634063
0.0983130639341217
0.8515984751234363
0.6229801235585652
0.11466580033258349
0.4104642402981978
1.3812477706523845
1.020486120488923
0.8159102397762918
0.06909771684151562
1.9568678992480026
1.0281280593103885
0.717968398313812
0.15434255168496486
0.6645773459320806
1.5637333109491294
1.3839196428122773
1.1132415743665158
0.3408335631040285
0.13171514330565268
1.471715697226019
0.5706441200166736
0.16165590604873953
0.36676628586559296
0.774789776836646
0.5389846836931115
0.27049204015629214
0.17368212450513623
1.1229994743935616
0.8544972372654761
0.2750691999506092
0.09921500591490852
2.9137450540182153
2.9016683080104664
0.16711611395302717
2.488672948472296
2.3474825130177566
0.2948820666141255
0.02063466746008571
0.07058942225170217
1.3378357652379018
0.7825156746921504
0.02555196760261667
0.012823180572914039
0.8679259477840875
1.8442728884128625
0.4773036347441704
0.21413955824674386
0.02127198698666846
0.01749871221643592
0.23644721617276956
0.05252729168070496
0.02035009359849252
0.021012430149976176
0.08716194237881125
0.07207634154433293
0.03133498278915491
0.040475686701684895
0.1172700062511822
0.10092852781878714
0.04656875028841834
0.0698522249517939
0.2970008467142093
0.2514291245937979
0.06457013602179519
0.08343540142521819
0.7822118553763027
0.6023783395263486
0.3136214649777173
0.24141081263604475
2.2246569000478313
0.46353153945953873
0.30487557094751533
0.14304489191451042
0.3935405158513847
1.6230134857738954
0.940752534018947
0.820821696321138
0.3416554539824002
0.13663954647968043
0.847522789749756
0.37938094371109976
0.1723844727545248
0.274713881320599
0.5109553429431382
0.4146985014149038
0.18274198321572624
0.2984964086936559
0.7545032842585121
0.40722037552848384
0.16721023857044184
0.1627117032373306
3.2839239322676814
3.278370272816186
0.19904639383612263
3.4992725891219654
0.22262293657594953
0.1168397322520911
0.1367319360725609
0.6770637124508825
0.4978598781190891
0.21704589146871614
0.21133982030670012
1.6361110524630815
1.0013559298030519
2.019405868022227
0.8019157924916898
0.731173433199062
0.43691673067056674
0.29149120055713434
0.928347990714059
0.6941908152144011
0.3220538233174752
0.40536314695711256
1.1695850378097612
0.9919794025596766
0.3593886862251738
0.5860766778391371
1.5209084487346107
0.8794492940011048
0.3591174972628824
0.2154389184527754
2.4307987674050984
2.3914045558623807
0.5616868917184118
1.107269872973601
2.2944553412132933
0.9534821611515798
0.43571651849891424
0.17772511543119077
1.954553452096096
0.9718702651660858
0.7547197606373275
0.48507408001486224
0.788632256672941
1.6851707262883098
1.3851907476527556
0.9009611699985858
0.29664743764790136
0.2710668433217915
1.0581100689975285
0.5908293389169686
0.19942979059053514
0.300543296802947
0.9841435279145736
0.7685017450228934
0.32661356701899447
0.4996076634541451
0.951833741100854
0.5690919275480512
0.17908292588881014
0.20353380308945948
3.3303429076373963
3.3220424193083784
0.1574856755383805
3.0234654342803426
2.738905086433233
1.1493341015621084
0.13938854317513266
0.20367787621459343
1.6302372260679574
0.8393655686009802
0.28824087647829116
0.14899750758755856
0.761354327150658
1.9578055659896454
0.6951385769981131
0.6432018611279803
0.3248833998123709
0.23479835909365848
0.8698051546505391
0.6702768506630066
0.40245182984348005
0.4418124938113333
1.700790182518307
1.6164390994564537
0.5985264711309355
1.458609199444301
0.8257964106930307
0.5904929176976543
0.25109307193957153
0.21583848236546269
1.1185111760440452
0.7710200228863698
0.20992829717531786
0.22307189486575482
1.4394879148540922
1.025247582692385
0.7150207164674914
0.3600714889026913
1.7154593687966035
0.3130760439369611
0.21356526771599768
0.2084916529406549
0.3335392872384992
1.7820581288995985
0.9266352335187638
0.7801650519089575
0.2355377829360519
0.19475086448415985
1.655287030671369
0.7761423109725375
0.2739678181799369
0.3336430400674007
1.1219081402262232
0.7336148818433533
0.45599721939374954
0.2056902757876956
1.27685322343279
0.8867896674184659
0.2896234186750684
0.20029484042975831
2.899088182447311
2.8897529066166436
0.18560168461575205
2.4211175608040207
2.5407010274508415
1.1642005754062288
0.12362843770651134
0.5178381556251777
1.509130253802026
0.6284331792528839
0.2582251609003892
0.15139519989297154
0.5255173256067251
1.9629359639183634
