1.5836474892589578
1.0009376744726701
0.30506418787251083
0.7294461177985949
0.9294721946933932
0.6371501532705679
0.31732081819102675
0.2720053198851809
1.5499182149641741
1.048496277880819
0.3531235018965987
0.39612076271742697
2.338390162519175
2.3150566279611713
0.385627274036617
0.4283188611279727
2.3568395842734757
0.8692118442702855
0.44086566424180423
0.3753089615611688
1.425148779801267
0.9744560898387229
0.32847985861440826
0.37414468961255937
1.3662014216450022
1.0010562507508411
0.37367512209151976
0.4569017663466063
0.7759054230712246
1.447233678943537
0.5826096534980985
0.6629485560152413
0.23113974851915145
0.28637685437546784
1.619639823831426
1.485239699891738
1.3838436644021226
0.3205105702694291
1.1376751073663485
0.8651221148949022
0.3801200301037435
0.3576699919218398
1.0966688447353348
0.8279797171323542
0.40586656611552796
0.3747178648627292
1.057961469100625
0.8686306074069995
0.4303517930484702
0.45780953154101445
1.2990799481186166
0.9718196656154005
0.5198808710400056
0.49757440889046894
1.675829452290663
1.419495445423133
1.028554967428277
0.7581593802471248
0.6963000639058601
1.302459789038775
0.8767155666934567
0.7731168916281648
0.35451191793793224
0.5018234355946818
1.0009242992937237
0.8260347798767115
0.43717832593221023
0.5103003803204093
1.3423301843923137
0.8549663065143344
0.49546090995761904
0.2847446688027361
1.040729775786135
0.7656219063024561
0.4469025883383897
0.30740673094991866
1.0643691424638306
0.8001031124836003
0.42129161687773653
0.41897980100403454
1.1613820794792795
0.692050512336939
0.3655750872618562
0.3586342238680783
1.0598213799532596
0.788325341095764
0.35960759536325443
0.45399892820119353
0.574053883402041
1.1813474497537673
0.5575321622834691
0.5157549547705207
0.3012099584906655
0.3283214399352367
1.5376512800436097
1.359074437328625
1.2278980571662006
0.3994444661747158
0.9311915078657615
0.6377545764193108
0.3345695283298052
0.3423520671960589
0.9334780214558299
0.7362236709517189
0.2912607909682233
0.48607117790913157
0.8668669967377881
0.6579739810495984
0.35267501380318533
0.3207009982996547
1.0806534775772338
0.785983880277108
0.4679599136933728
0.4073736730324941
1.8423602567276787
1.701755061116333
1.5391065127767514
0.3951071492009275
0.6618343972015192
1.3480665143211823
0.6636500748558155
0.629918487219358
0.35444054516787915
0.37592077176923316
0.8416458347850814
0.716548137664878
0.4160332782628729
0.3851325725999379
1.2280307725612807
0.6772481180601824
0.39726988567439037
0.3417935214105946
1.0651604491284654
0.8989179701947015
0.36900773912445095
0.4004367549809134
0.99979705100431
0.6676886806100024
0.3946431170476265
0.35292614971972036
1.2198266785905425
0.788445698896279
0.49459357444819346
0.47162535286877455
1.0405239898070058
0.8171592901246812
0.49308792049699357
0.47857337328193983
0.6028554759990374
1.2855583465436144
0.6916390686652373
0.664493597229955
0.42589350531530107
0.4113280356186262
1.8630372631781231
1.7786059973572927
1.6937450416003093
0.4924292038051136
0.9847095388423178
0.6889612973930812
0.3390479339845852
0.35794034093559157
2.319091694992718
2.279951074089263
0.5205292394881257
0.3295679659036259
2.335911891279851
0.8158623202160266
0.496227850615638
0.3160111614925853
1.169908665666598
0.8496471655574531
0.3928971942509015
0.3414473207502893
1.6982898000235163
1.5568056951678877
1.366601617003535
0.621738528578343
0.7365365079464289
1.3376111655976946
0.6131340720487419
0.5877859191709648
0.3001004526796208
0.3561879106142757
0.792077670336045
0.7199941176546935
0.40353894595806516
0.3662642123172545
1.1545649131336564
0.6425300174739557
0.3421027315903407
0.271888478727783
0.8570896260874769
0.6261358830780291
0.32291776239145514
0.3296905218388039
0.9974282762668975
0.8212223909533781
0.4760561339995759
0.3633355908902028
1.1612500505729901
0.676213533579789
0.3609881418613486
0.312358670471994
1.2309055382041956
1.0316127724386028
0.6389410928553492
0.6007318687513017
0.6130100366491249
1.1929930541082066
0.43654486025838796
0.4116181738955953
0.23156670929451867
0.2009799805443437
1.6045128927036305
1.5262721826750503
1.4296052826349788
0.3260024487038191
1.0415894797161287
0.7224282904731577
0.2570523583317292
0.3160370577168701
1.0854947229863396
0.8220715333979978
0.3380247314187744
0.3594679624248293
1.1792060141634582
0.9106433467309784
0.566560697761865
0.3992902601411674
1.0533866870482516
0.6945851327511314
0.40543143852290914
0.36814157065601427
1.67563718764406
1.407334500780378
1.2308260107161486
0.36010762792284357
0.5979606359068509
1.274825067836821
0.6163666137739532
0.5513851902260732
0.2716904588283975
0.3289699335440588
0.7720611474877048
0.6479349107583064
0.349403883881347
0.3640645239889054
1.0851159105640182
0.7514239209381068
0.4037382806680244
0.4263614763171626
1.029441336098588
0.7823958545234205
0.3956230540230858
0.39552646236178207
1.3128879374004463
1.099491683769512
0.9856933605692679
0.6760402795851637
1.1439883027865179
0.669255997180945
0.3086551211066601
0.28701972430915157
0.8379735284557348
0.5666566250023539
0.3507849689695026
0.3158788871883007
0.5229929568181156
1.223358413950913
0.5585394613744958
0.5272051263282292
0.2329670148512417
0.25427582983142316
1.530930220594022
1.37472651590304
1.2646317783276249
0.3157232199445976
0.9885265258404172
0.7318559549038953
0.26306323898339745
0.417675639629527
0.9774535207909305
0.7032952580810705
0.3256205512394585
0.4093943335491393
1.0083201725090225
0.8024274086397322
0.40213507159651857
0.4301972523194755
1.131130929592096
0.8297296633632413
0.48621164469732386
0.48632671186456067
1.7295839548990808
1.533901689827877
1.2007488719074413
0.5136620082679851
0.809030106378398
1.335009792692469
