1.7899940861136807
0.5953594173676267
1.1815018250308709
1.2146341589048024
0.644587311846145
0.4462314674928225
0.3096452280057251
0.22646667133660184
1.224887281155184
0.8729101128110814
0.24541128149583546
0.23077415885195718
1.6056053137255384
1.218492615962056
0.5474498364122816
0.39988715099053374
2.4832430741963463
2.4085976738221575
0.7515924772797677
1.2049789192292226
2.192818702293439
0.5068783613130113
0.23397752255869372
0.2330201297291571
1.1702874448694462
0.8039762465948219
0.21163558063405283
0.24614733896427912
0.7461284709579099
1.6632999530262629
1.159526781138337
1.0059767865484865
0.5948111594311207
0.6339742906000001
1.0609855340148968
0.5508475036196463
0.4067906763066094
0.06541954422158357
1.2146487581095642
0.9748971857371008
0.4787491729360872
0.32284833828821824
2.182319846394095
2.085108351144791
0.9169390025187253
1.8410519464921564
0.5801890052228897
0.4382566770926068
0.330695577165616
0.20028163638645183
2.574355526907213
2.5575604423385947
2.5226028896525645
0.21545228006848027
2.1101016141657407
2.0803572381598596
0.22572757215288736
2.0362527794772456
0.22525028560675073
1.7600506713019048
0.6233684910012339
0.4664192699990451
0.2103134769130365
0.20121571841611496
0.5130496632742965
0.2843689033657859
0.20214219555345456
0.20363577753783962
0.4924852631241958
0.36094302477179985
0.17732111108166673
0.1729977036820445
0.6072255690561771
0.4598791138631568
0.2522528478217709
0.238698770177276
2.396171732244585
2.356503635258487
0.5545281096874135
1.2451478920731731
2.2126437327570994
0.6050817658718302
0.22900165947088683
0.17017496665118573
1.0444436648505162
0.6296931843155112
0.1597278970057341
0.19169780621384944
0.6086162570347743
1.5616600030762742
0.9775628433094316
0.8196090170538051
0.8962312297119722
0.9604863597643278
0.6610032092108528
0.3503488423205311
0.21048431575653542
0.1657120345856249
0.8244511063687832
0.6786766768011541
0.1885635652165417
0.29433549283021765
1.773231189824132
1.624635607745177
0.7144793547246346
1.236545452588332
1.3606789035693072
1.0894167887260002
0.9188359207220215
0.19655047929668054
1.7702435771343024
1.6557014905893985
0.5376022182662458
1.467150881806248
1.3077374575792284
0.9741574009995696
0.2215103407907007
0.8053722075652237
0.49390474751810926
1.4219688168911706
0.6678078631010729
0.5167540352310624
1.0000708992567715
0.983234430083583
0.6296271056262449
0.3764226426827819
0.21726389695581136
0.1781739488608174
0.7470544985585384
0.533692829530638
0.19481792560401429
0.18605665105820754
1.1851751852408818
0.954739288885902
0.4042598227178487
0.3990471552648032
2.5297747641472066
2.4720099289104542
0.9012851912245418
1.5051024406528648
2.235118457418299
0.9308618497696941
0.4464198585900216
0.15540257570126206
1.320340047626665
0.8215898860398608
0.2131092472131111
0.43667612046421467
0.6507460813549859
1.5789776586149926
0.929707148780701
0.846330667488122
0.9117316408375239
0.9104660145799903
0.9629867787095848
0.5870559832322501
0.2160916261151828
0.24978512755617097
1.0462929048313654
0.744646978711494
0.2591854381969002
0.3201751181250729
2.0215902661169807
1.8917918019900246
1.017297758438034
1.4851609524058884
0.8876805895751869
0.6275906853344057
0.524891196096238
0.17794206183514305
1.2862910515693535
1.137873496518198
0.6465080158887856
0.43489792069347244
1.8474907859115064
1.6562967864713845
0.5335181790096295
1.4689516722679141
0.38293562974184786
1.5126115526964143
1.1215600535334331
0.979681007712434
0.4957847205776019
0.47364035532356513
1.1589255286002011
0.6561581716553467
0.5343509805862449
0.18076879603416213
0.7070402108262704
0.4754060848243669
0.16354642047374704
0.22918444448525496
1.1859036773547624
0.994145329933634
0.47724140218990063
0.3926766475326763
2.629329594884936
2.5864668307599423
0.5912258638875717
0.5334318392607166
2.868582251134467
2.451023997748015
2.4193059082355686
0.21647829329738452
1.5611245777558864
1.1107651592105006
0.2587119942561853
0.34362865902351764
1.0261893644467377
1.7914916485262369
0.7795454647709236
0.5883619510112896
0.24007583002931554
0.31087630600836036
0.5785128664557784
0.315313243638524
0.16456933452031627
0.145227697036551
0.6569928439594553
0.5320923396099744
0.1869509958291612
0.22057661071861093
1.220559525330688
1.0592216487399406
0.5027925013694292
0.6748705854914238
1.1769723914246428
0.9613480686910043
0.7996622398307731
0.233612326060405
1.2486337670722227
1.0773864866308616
0.8174274683377166
0.18127484798837748
1.5392473400511892
1.341446810310372
0.4308545104654594
1.1399050208178179
0.3884702010336977
1.4458601326805904
0.9060477657347616
0.7808786551915231
0.386330403097929
0.46401860517935845
0.950205711149423
0.5975062752559606
0.31872286116864523
0.3185527528683443
1.4506053171814703
0.7492955610167893
0.23988729213981352
0.1642192830448229
1.5362027086435666
1.2791680656906455
0.4624203763105606
0.45058352934469176
2.5294239956956437
2.4676509956406893
0.44428897968627995
0.2972550685813404
2.4709147122983968
0.45558997640212334
0.18583317468855504
0.1728615722417018
1.1898108519081287
0.8412084078701763
0.22161492804028585
0.31245803643590453
0.7364751530648387
1.6078251106101504
1.091319691109665
0.9480818403913243
1.1359244022472241
1.2249311439763777
0.7517581010900807
0.3509993507805737
0.20195958574140832
0.15398399698353765
0.9465278171968582
0.798979252301107
0.24927574358942953
0.2862534115644306
1.3838831693145826
1.1064439188342539
0.5415126716539563
0.6520417009453586
1.2863437588667135
1.017303184910601
0.8531631006349467
0.32204714717854427
1.6388350512389094
1.3522387535882359
0.9526408193418086
0.22111014421489944
2.0114713766064236
1.8385157579445448
0.42540810858642725
1.7278775185662203
0.29527475702712985
1.5595816349774985
