2.2692689598455766
2.0054331137779546
1.5277151096108479
1.6397071128572098
1.8941872774307038
1.2124807902600558
1.9727305090600609
1.4913263088875865
0.563863836878221
0.7977426972304515
2.113798772871
1.6478481148620232
0.7606671892814778
1.4329148314399676
1.8612117351833448
1.3782963159019879
0.33979016489653924
0.5553659352613429
1.8120653485683513
1.313730048573709
0.49354414167656036
0.6923113796030613
1.7436395351258924
1.2535525067949476
0.4204017169562702
0.6386127988302207
1.6721756051869796
1.1063327571755415
0.35844317647474233
1.7216156082657896
1.6348995319444797
1.2979028784168605
0.8897197975236248
1.069530193593181
1.6699917837959812
1.1605831453934727
0.31172990884663215
0.41103940245611603
1.6724076003978416
1.1787864445891436
0.32237869849050393
0.4064067732706403
1.8108753660094794
1.372318777870735
0.641331005464859
1.125107535142161
1.679113996952256
1.2072796408637552
0.6890409087862416
0.8103580970291882
1.6968679282685943
1.2873878917666213
0.7360417052807673
0.7934638362716246
1.7882946218122378
1.4034750583524818
0.92464786866264
0.9613137100426715
1.4663479307790914
1.7601601958981261
1.8031600964903645
1.4437494182482122
0.8485437368634461
0.8839907452504695
1.8075076556785898
1.329357179473712
0.48110606979374293
0.5498528760536102
1.7942068529335888
1.3138932014639484
0.5004775240793675
0.5737840162520631
2.0156091584635027
1.5329160732164746
0.7412216744937195
0.8852385252510218
1.9238325352281935
1.4323373909583919
0.5579660449639916
0.7499321285726325
1.9711664530691815
1.4700591317877956
0.6066290661169753
0.7767564301192817
1.901139140526858
1.38878502230893
0.5552896150277552
0.8982551360989773
1.4444883030309406
1.7884859250900975
1.7383107269183773
1.321287551855002
0.5045549511367268
0.6962624485831361
1.7036389853435379
1.1627681354360193
0.30364035739192224
0.5266912097633022
1.7573807576583313
1.2748283492773405
0.4627644882248653
0.5527746167122386
1.8466480632992626
1.354639244171723
0.5169386181028152
0.7071990802899584
1.7598978328050598
1.2969328039839585
0.4497394374417537
0.8145403228112991
1.7428259406463167
1.3154822791531748
0.719880508907169
0.8949072926035552
1.7323903337081827
1.3106182360405554
0.7065666048925965
0.8642230304004417
1.392544597229688
1.7619465435385424
1.7542801836332553
1.3811649987417167
0.7654828836114191
0.9266468943003229
1.687131456618911
1.255977820635049
0.42719966300379003
0.5652639641131258
1.7827540755260836
1.316452635081604
0.4967137790665877
0.6509955244224883
1.9234803039510406
1.4638352211417356
0.6137204271044341
0.8244623268765686
1.8569743409971022
1.376315076207224
0.5358047118542311
0.7206927435483406
1.8932141845052997
1.4130793507370676
0.781168177933757
0.9926941765824466
1.8699599348378855
1.4094389609414846
0.8072746073326481
1.0023296662731755
1.4774716102717957
1.7931658859730004
1.7753144219398618
1.358936483950197
0.552211327463413
0.7895512135255429
1.7439067038151546
1.2492559303828168
0.4072811261196946
0.6252546920852072
1.8022434966557983
1.3161795436902535
0.4742657805977993
0.7223979983529926
1.8845283794123273
1.4055677472773485
0.5481806215149102
0.8216714929080727
1.7596038692164913
1.2774982746255101
0.4378553442770446
0.6343372898607307
1.8080908575224601
1.3739243187616228
0.7689475847687726
0.9627881025218228
1.770680272769103
1.3555928071743575
0.7881925320468626
0.9585970746857894
1.4266175888082484
1.7709129381063065
1.704687902144867
1.2914276808236294
0.5399147183919318
0.7341988610553333
1.6764671298257934
1.1888041956223603
0.3733326720265515
0.5314922583217375
1.7555706724202176
1.2915591518243164
0.5147872408531095
0.6784544508062453
1.8791942284658483
1.4130881926468604
0.5562699469756677
0.8050830952377045
1.7836770581434531
1.3144519782251176
0.565052156280394
0.6974744858200078
1.8464461218901749
1.424428801849231
0.7940395742317734
0.9971122334417992
1.8545811311850875
1.440876859944915
0.8195451640752399
1.0001563003667555
1.4790795315487724
1.802445452672145
1.772511962082433
1.3657245809904677
0.5840153910332719
0.7920654935866068
1.738206479359806
1.2486458354610097
0.4093944165513451
0.5894869629464254
1.8041658565353844
1.320340855032704
0.5069633364229246
0.6945997883667178
1.9136480521515091
1.434057818362822
0.556065272816002
0.8616339731164135
1.7900493764232162
1.3080596289109134
0.4810287565036297
0.6932034141729846
1.8255598008243432
1.3526323791759465
0.7535803302003968
0.9727905665706827
1.8012437047736203
1.3879429561086796
0.7853192348132207
0.980729672104601
1.4400288569487487
1.7989601480523978
1.7261501127392613
1.3160446892190687
0.54118214514695
0.7662503148663056
1.6941677312708996
1.2202061605924275
0.4127750385698858
0.5618554250272237
1.7650087019997553
1.3069825356863145
0.49557241483347775
0.6910752035591518
1.8940532285767946
1.422900976964263
0.6151125181236748
0.821189850594113
1.7990961805675654
1.3383213203558864
0.5027472598645703
0.7080551574544003
1.839808787632757
1.3803011789074888
0.7855404400836125
1.0101261471953293
1.8137693956847212
1.4030969808534353
0.7806101968680296
0.9549676386907557
1.44523447506017
1.7993318850753466
1.7697900210119626
1.3624643045805163
0.6098015666050138
0.8098833615315576
1.7570080549930622
1.2923033760804636
0.4485807672347348
0.6459055544211029
1.8202622081075337
1.3524987877320511
0.5341590017737956
0.7505263050965066
1.9098715066748502
1.4404778351111576
0.5671359330156147
0.8649847088278801
1.7954591124540147
1.342420535897431
0.5005605522752162
0.7589355509794415
1.8424804203219143
1.390730467128717
0.8147430043879501
1.013945467490044
1.8049301231455939
1.3549284799446535
0.7860479112644538
0.9756241205386084
1.4409776903682507
1.7983295472518324
