1.8219871181978122
1.5022620339013237
1.0342572281895095
1.3163365168985122
1.6311936076201545
1.0480561157247712
0.30669498205366835
0.4377905343558157
1.8797675861309164
1.4633086761230534
0.7823212443254491
1.0960178724473162
1.9636556017983116
1.489950631890568
0.5748086307393203
0.9657501055387422
1.8087121624401832
1.3528470142398712
0.8092005716364378
0.9934253170670835
1.8764485518597414
1.4839450470809563
0.8452091589634606
0.6902039163604514
1.8595476612504818
1.3825157153908603
0.4803381713178914
0.6880049677820824
1.5219879039267352
1.7638886976413048
1.7732273156565566
1.4187667851961987
0.8213015030814204
1.025519604733944
1.7262396696008107
1.2531463506913085
0.4444934217669935
0.6096163371000826
1.798427039631836
1.3384012189389967
0.5266705838902325
0.7394598702471046
1.9218745986560963
1.4540641306757354
0.6036709291415141
0.8437049167192542
1.7995840136536685
1.335238769886714
0.5234203824217855
0.7220216953160347
1.8395297838120395
1.3866209702041847
0.8155548193767272
1.017714927992357
1.812740966595855
1.3502727908185561
0.7658530498456835
0.9833122860086161
1.4349897264594995
1.8022726470051127
1.7333001910337276
1.335797391313723
0.581451242913122
0.7932620420110409
1.704813808243078
1.2280537405832375
0.431630260873717
0.5919651432107866
1.712176336164479
1.2569623801018475
0.44464541071366365
0.660036038180812
1.9162987915332657
1.4479614544957418
0.6221465687273435
0.8756981409647705
1.7949857625463903
1.331662373800771
0.5140558002219765
0.7156323643207472
1.842723556442038
1.3878712017225716
0.7949482551334909
1.005996658454123
1.823225047869608
1.4140901477423806
0.8137182384896375
0.9999314654919689
1.4556080454427116
1.7983028037859863
1.7509090518250023
1.3482520738922439
0.591072458666409
0.8379538558229982
1.7206377709894443
1.2499919511351114
0.4395892644510022
0.6267391688959444
1.780652206384105
1.3252062021938675
0.5443269472334358
0.76796446085037
1.9076738885569762
1.4452360211911752
0.6103207410137361
0.8583759488163216
1.7984183215768463
1.3408731876737743
0.5257681321244242
0.7257271394070285
1.781468218454032
1.3171723442498453
0.5910717226416558
0.7569523989469604
1.8295627547399462
1.4221238940711407
0.8064463056368164
0.9931114976616875
1.4482429310996794
1.7939190210690983
1.7360381908397007
1.3398297731500872
0.6094353276670302
0.8111191508171923
1.7114979288334666
1.2389004926243137
0.44424530150405084
0.6241329053872933
1.7794925712017973
1.323521032515742
0.5506047568992399
0.7727549622969082
1.9099095798020502
1.454739522520342
0.6214483770794812
0.8762063003098681
1.8046005883578438
1.3451532127888952
0.5413031775668823
0.7480781036370381
1.799301968478391
1.3368854108630284
0.6005409150704374
0.8081115532662355
1.8429308357500398
1.4380343420450215
0.8344207859783742
1.0304986697571676
1.4562380436013473
1.803095272808546
1.7332661047714109
1.3393102878854721
0.5937359024640004
0.8014276779854145
1.7197734440661487
1.2459954644358884
0.45730001296972306
0.6605844422686176
1.785476997356011
1.3290943237373907
0.5377295934070572
0.7489748950712708
1.911691314534483
1.4607529922503737
0.6362563388231043
0.909945771357716
1.8057597829660392
1.3496212500006888
0.541572340116316
0.7259118811049851
1.830234181501357
1.3787569197423688
0.5932358303561586
0.8898018471649186
1.8076156222749338
1.3519435244913924
0.819444326337963
0.9777450773531045
1.4520595030642656
1.7963075100246255
1.703554369997897
1.3258309012577525
0.6212781426677204
0.7734056330702191
1.7179717677794701
1.2570702538758232
0.4718262437695315
0.6192429598789632
1.7728522080567608
1.3362800345387806
0.5851154425660714
0.6956669347038433
1.9318439939424494
1.4651215477198232
0.6653126260589983
0.9119107378683994
1.8167766084896382
1.3537015016845666
0.5737353137404222
0.7096938268923382
1.8476957222667254
1.397515952825285
0.6340747153821907
0.9353406675486322
1.8222208968539224
1.3738706332586095
0.8388573202485285
0.9905396399333233
1.44714571738273
1.798927895274614
1.7159102215759345
1.3351595930446425
0.6286174298991654
0.7785104018170286
1.7196147748589206
1.2523754500097004
0.46841079488263415
0.6071737433692312
1.7723061461213239
1.3259965147997346
0.5707599549835457
0.7375077291122524
1.9361058132446092
1.4742457524666692
0.6804176308995272
0.8584213678367467
1.81708399454538
1.3569262793961256
0.585884914385494
0.7280466807396208
1.8073200851515274
1.3525828448049435
0.5854904948949962
0.7391668706243224
1.8400637813226028
1.4004109132335811
0.8469021371629759
1.0181814903718165
1.4547675536857936
1.8005906486471008
1.7257063202008776
1.3476219032832781
0.6447279044778965
0.7943742809706652
1.7445852438484548
1.2818754914011579
0.5247603923522834
0.6828539351836794
1.7807716791567154
1.3401677879306038
0.5921178378165837
0.7321544152912293
1.9307632450233165
1.4800112844635103
0.738405469072048
0.9486421102122468
1.8285976380522733
1.368894729759248
0.6207818301150809
0.8203540868783726
1.8016310008262562
1.3454040395568756
0.5641006484819316
0.7705012232897542
1.846055603292115
1.3946328143384377
0.8178647971522364
1.0223023579794723
1.462212433002039
1.8015152827409335
1.743640275375014
1.3509409844764668
0.6224671106236555
0.839609418802696
1.7222680249592859
1.2642930152760918
0.47113886914624487
0.6871077089362412
1.7868648458198992
1.3411493612845673
0.5693223632409118
0.8047052438983191
1.9179616581543495
1.4757132171609426
0.6790808340213416
0.8890777615354506
1.8267624725947442
1.3847638295729445
0.5783489943344472
0.7898145212231258
1.8204428499710297
1.3742471370888543
0.5846396791352715
0.8098449121470612
1.853791079193383
1.401731652028356
0.6127340756013933
0.9279078853807153
1.4744839790439888
1.8109439524151134
