1.8504725529789512
1.5428539243058423
1.0802556533933814
1.3641483699639823
1.6452249366986502
1.0444796182233564
0.2835878858893674
0.4377577413960915
1.8883251454874492
1.4854477441735867
0.8238026563385736
1.0775469396188748
1.9049829426861717
1.4242181607589408
0.7128790325599739
0.9566139878628019
1.9159364694553127
1.5477708208251753
0.9062616280135847
0.7950151990554488
1.8786512546517506
1.416382116576753
0.5419728933245396
0.7691299746418596
1.8704349592980374
1.4161028388098267
0.5417082324109984
0.7728417017976879
1.536799973950352
1.7662904404826243
1.787778762370849
1.4391948177131995
0.8588994829600357
1.0481644539196113
1.7429354787393887
1.2746450978677468
0.47514170403393924
0.6540588566620709
1.7966781762613526
1.3548621674568422
0.5735674282219952
0.7794989575048608
1.9252026793047197
1.481964893522989
0.6591044957106584
0.9047383417080112
1.8202171333805632
1.3649306055573003
0.5799280900362849
0.7729335827691027
1.8046565129947327
1.3506356469125733
0.558305934319757
0.7847549723978032
1.8373007269950887
1.3881607993779916
0.8139807595060196
1.0481753700660073
1.4687452410429238
1.8071711658527356
1.7606124971377382
1.3634648608957467
0.620541861049285
0.8637172323937434
1.7291735451419334
1.257233611829915
0.4631840765008687
0.6562140618342497
1.722220482954756
1.284327963696043
0.4934084341518914
0.7103942710750125
1.9300687450192484
1.4881509656618797
0.6804024971030944
0.9156326922828459
1.8190771593875492
1.3671948081111025
0.5728535308546979
0.7645666787170828
1.7870495449444364
1.3352455734456763
0.648054444187998
0.7726496102775061
1.8415167238172363
1.4477055609385698
0.878640321776049
1.0007185924919273
1.4690229910192592
1.8044603545716842
1.7287987023382059
1.3587900828566595
0.6738622992172862
0.8287087859404189
1.7288296530875327
1.2700225689046456
0.4978233354334934
0.6343130443665476
1.7729197132949872
1.3402611621168772
0.5997259135379936
0.7495151355241072
1.937879364221257
1.4809441878471405
0.6713166325769188
0.8977075824611808
1.826675787317774
1.3686916723039888
0.6011312574698654
0.7459179298366877
1.8030151766347187
1.3551022991900386
0.5988146177764171
0.7395356630982953
1.8377379395464544
1.395614928872367
0.8428149648326968
0.9958499735126799
1.469357409167088
1.805921775602969
1.7279036546724154
1.3564968194278504
0.6572909182881372
0.7970074574427222
1.7328465180923887
1.2716313105750578
0.4930863084322306
0.674646633019946
1.768453715576285
1.3364633372435961
0.5893767366735698
0.7485390174653807
1.9376664413802376
1.4870243326866495
0.6786135897125696
0.8774671914145376
1.8324977825486652
1.374972882766105
0.5995579428655021
0.8257624899467989
1.8241050538875254
1.37257538781672
0.6127532582381141
0.7481783112359212
1.8435534671045244
1.407925894597011
0.6269351963580798
0.9308214834244942
1.470760256017031
1.8046191256011548
1.7287905812284912
1.3566845094509086
0.6570741474421331
0.8075731546505256
1.7344865308662567
1.2665826928359858
0.4898274761957806
0.6520495540575452
1.7877724302062674
1.3709566227090557
0.6482723734411514
0.7798436291919978
1.9289984624786254
1.484966045069289
0.6730854360375158
0.89759494568041
1.8302058001380022
1.3704688989104985
0.5809068551635442
0.7837669220969388
1.804741083093382
1.3573750898086294
0.5778766573107812
0.7689360613108971
1.8403851099842405
1.4017771584657002
0.6421947684522057
0.9540502341218428
1.4818421666403179
1.8098478752029752
1.7623516431541124
1.3750938550290064
0.6560052968973346
0.8779821780510019
1.7425399209176662
1.2813470913372682
0.5004902848358618
0.708889365060906
1.7934111038127782
1.3552346298011004
0.5652827375570418
0.8041216354572872
1.925228897932337
1.4924143439853825
0.7026750558834471
0.9247950422729022
1.8269190265551778
1.3797850053014873
0.5871142184794648
0.7546376322640267
1.8135754585765584
1.3609920917394367
0.5747897078045473
0.78856315917487
2.813455235860589
2.7526567060892115
1.202057401942068
2.711260080344106
1.3477397214815319
1.8324036568736368
1.7154937543477806
1.3283540747351208
0.5859961412049447
0.8255536627863397
1.6785210195828364
1.2078939572795249
0.4411382052711355
0.6791604321096427
1.7178458468380755
1.276852339568056
0.5478099339861108
0.7744055795555825
1.8653444349768822
1.4204270755995279
0.606697432184463
0.8728678594855139
1.743360575025129
1.2777819670280255
0.6027928539251914
0.7530514999578798
1.7668338770275105
1.3715734819348873
0.7828419245953462
0.9541636001619732
1.7425872419812465
1.3438394782511027
0.7657034401166652
0.92423448456488
1.3797634586761067
1.7337554693716277
1.714357183807785
1.379857351629599
0.7869248428654438
0.9755036741784645
1.7199251903010278
1.272211159133155
0.5177111055011375
0.6757267435552521
1.7067438296577893
1.2604812313344582
0.5352780340559709
0.7011919789065686
1.8362736783629288
1.3954154670127694
0.7137548671842348
0.837374480269877
1.796791283348129
1.401918089935938
0.8127386739765796
0.9316065508184573
1.7595342151323925
1.3613872281487949
0.7879575280232823
0.9034609050491328
1.7345073495613965
1.346317106695139
0.7908600133703476
0.8996666218751701
1.3812627906337958
1.7377551671895595
1.7245137458582596
1.3892055407702224
0.8056809013652496
0.8953078432106407
1.7225577988408574
1.2776440872113644
0.5448542188799701
0.6501182931238665
1.699137662376613
1.2629358682163268
0.5377837264097715
0.6586011303334077
1.840138696761333
1.4017774862874899
0.6005348362834629
0.7995800501355106
1.797340985123573
1.3468636323465264
0.7665442887957419
0.9201249258006697
1.7557818428235765
1.3590739036089186
0.8087774657651675
0.9044223170375713
1.7463090695069945
1.3640672900548938
0.8115620276508629
0.8942749178928721
1.3850232155255062
1.740487947053394
