1.4024511629322376
1.3858737188597248
1.2209195296110273
1.1348845764007802
1.3747643572081767
1.3145600357620404
1.1551513911226352
1.15182128842685
1.4744308075528314
1.3753092252448669
1.1298662826797308
1.2129681687388179
1.2856930046045214
1.2428572707055867
1.1781621878054012
1.2077811047528932
1.3131214772004434
1.273089450173923
1.204129227446821
1.040794465861729
1.1964544784375324
1.2382414042444903
1.1216482564201444
1.1528009827727823
1.250107169920383
1.2216719256769053
1.0564138273630053
1.068468903334202
1.1845448858665433
1.1665936053812247
1.2104105057369705
1.1854175701225511
1.1038789215657656
1.1562873813788657
1.3070065157975561
1.242492946257468
1.1195614377567271
1.0775464962861958
1.2877300937716012
1.2537693533743477
1.1389096102749767
1.13909135663046
1.254045936551182
1.2445968918417718
1.0495576801799649
1.0862622764896444
1.2632954109379089
1.2250265015527169
1.125407738664526
1.0984199577660607
1.2523768017199277
1.2086011029928088
1.0815939554481357
1.1195764910587918
1.1829585140785885
1.1501635225757516
1.0339070161583592
1.0307143088932924
1.030026846855252
1.0100320883376932
1.1875797990800383
1.1342513260234184
1.0285134284797461
1.0577961609766549
1.234540627866585
1.1568783955897208
1.000755961924102
1.0099069251767856
1.2295854431048434
1.1918915553510605
1.0458062759660445
1.0166499463720464
1.195575806241644
1.1656062540579508
0.9854913960456838
1.0338120210650827
1.209738915641152
1.1586630654689574
1.0462671285823166
1.0550713069827227
1.2230842256502772
1.126298503938458
0.9724406146345476
1.0164624666502555
1.2072501061441985
1.1494548644329392
1.0199010702779898
1.0116563836428483
1.0964617130617795
1.0202168162247793
1.2101168245454152
1.1637017024620318
1.042349862939711
1.0733252743101385
1.222831291264237
1.1438052322640457
0.9800263588699244
0.9187872638185883
1.1753710481523816
1.0624068522927888
1.0011400336663845
0.9630537266762385
1.1530095129019362
1.1222566161143948
0.924015276885812
0.9592238879955013
1.1665182076125784
1.1242473239202677
1.0351362238436579
1.0163147309774532
1.1951682256806566
1.1622495303251401
0.9867898816595894
1.0630958929525551
1.218102028601687
1.1367264766722018
1.0080175551432498
1.0088975469453463
1.0068375272353534
1.0399405091030687
1.1890122812206632
1.145127084217066
1.0429978524395673
1.0523220046098436
1.1676605892015313
1.0490596145956277
0.9094516758789603
0.9331209204111867
1.140049343785251
1.1093366179255013
0.998589315225625
1.0017969049568245
1.138123278359903
1.1307599948076925
1.0407034850197197
1.046818285538939
1.2081511671697434
1.1624845960950212
1.021109889918459
1.0507823671199157
1.228832743942727
1.14337111967502
1.0213919356002232
1.0362543251860499
1.170191134843438
1.0657950788301713
0.970754017969814
0.9723516207728621
1.0531930582057585
1.014119912589497
