1.5201931736487337
1.4811570908701195
1.293136681474426
1.3170193726832808
1.6144223340605939
1.3715414075786418
1.2254062211780854
1.2078668164876405
1.3194212890964925
1.3258750403241557
1.2085722609094898
1.2531254900184303
1.4156459811100546
1.2110119002601853
1.3741227751923901
1.2881022139549785
1.1893713976558198
1.1530386364940464
1.412734060795099
1.3224696556313897
1.1910734928426099
1.1474895990766494
1.2426558659954863
1.2496084828048424
1.1395702498158404
1.1478001422654882
1.2934896946267245
1.1749915157524153
1.085545115922724
1.2859022566295049
1.4090407436725694
1.4086710831122398
1.2269281795019542
1.2622962596579388
1.347696852363541
1.2344824985178933
1.1065385531299456
1.1385751566316697
1.404036043900383
1.3340729851409803
1.1638978573723853
1.1198784862520974
1.3800794034266524
1.344506839559161
1.214482214744442
1.195150944504681
1.2709434881242117
1.2339951261360593
1.161930562214204
1.0758316884425532
1.2355568753463286
1.221111674678812
1.0785451503489252
1.0253515659934553
1.229874874744557
1.1044216591686222
0.9811456791319167
0.9788469315431844
1.0729903873567967
1.0638963198677835
1.2344062158721196
1.1958851447277437
1.1343465980993472
1.0807509216146947
1.1534833243932432
1.122006307625884
1.0587190930410046
1.0175781648545017
1.1237828479684404
1.0913918564136986
1.0558673621898023
1.0300777578057083
1.1298188641709968
1.0782433986369269
0.9789649379273533
0.9969540341511328
1.123524248058171
1.1279258181201186
1.0261281751447309
1.036263772047443
1.1210408951602941
1.1128286397522298
1.0071618280758943
1.025711630620074
1.1180968804472304
1.1132232614231858
1.045648826394419
1.0570091353917577
1.114208136765856
1.0262557568539437
1.179961258509184
1.1481225587719637
1.045856443359652
1.0571633451481801
1.2146644652268725
1.1701997335956902
1.0953645546014366
1.03446168546403
1.4643512002224055
1.3625906102340108
1.1475996515620823
1.1196353289007517
1.4196685341627528
1.2305501068016569
1.061023259266158
1.0491457890242657
1.3475402683031998
1.2410769829502724
1.0482317098294003
1.0790429605608667
1.2509977091612854
1.1866466552950239
1.053149382638614
1.0389313224037189
1.2009090867904033
1.1680596466400122
1.0701131147714495
1.0893166164208972
1.1242348648450669
1.0426356652230666
1.3141132898147643
1.2469348336765873
0.9811953397143188
1.0142755195487607
1.3347438142996824
1.2474696674998995
1.0551484726031113
1.0398505459834881
1.430302997168376
1.2334301005752606
1.0311002645510134
1.020755446300304
1.243243134151994
1.1585367032482514
1.029008703652115
1.0010831831130864
1.1735025841743583
1.1542876996599252
1.0515740072892346
1.043648517489516
1.1788551393108555
1.1234746753817575
1.039962206938399
1.0158605583821079
1.1301600682819088
1.0670160780800921
0.9819525986766656
0.9832256725998737
1.082759354279753
0.9876828557133784
