1.441492801635361
1.395635916643775
1.2739319777233045
1.247211372513061
1.5466152300110259
1.3208781245177132
1.1845203060233982
1.4003908413461221
1.4212707941567244
1.372371588506322
1.2797099423370673
1.4276474796489522
1.347391583839667
1.211817934422795
1.2256448972379461
1.361144186814718
1.3346088694872074
1.1778947138159959
1.1383694861288889
1.3384913689933764
1.26011550542398
1.067134668101178
1.0855390614534834
1.1795152710705674
1.1243912852556015
1.0137969166342033
1.0531047477866806
1.205356434050632
1.0889114973381857
1.208948384028211
1.3188860759002183
1.2918253640990667
1.0874452327008355
1.1626573791793078
1.257202233560679
1.2135985489763093
1.1375602540653973
1.1194571239520803
1.2337860775428011
1.2397552038026065
1.1177854018469213
1.1352273793183265
1.2321805632972738
1.1785973665078826
1.1237514864700293
1.0517452153563098
1.2524760503235437
1.1682028815018441
1.0888198903244986
1.098448467841761
1.1772655161905532
1.1383127974128096
1.0437542880328874
1.0678047179766073
1.1931306230498964
1.1274338571347007
1.080373135268158
1.0685606552237068
1.0718024948367229
1.015831051000482
1.069569835757428
1.0258191547572946
0.9489831507375507
0.9797417425939586
1.1226483808325751
1.10377030222594
0.9856405734548038
0.9899362525601215
1.1383173976092156
1.1051516896030078
1.0271643976186637
1.0010307132844058
1.1607634202466894
1.1594255561070077
1.1039915024183546
1.0590458856349902
1.195993645016841
1.1885779622749533
1.1157108174615176
1.0648524073565422
1.262445493193878
1.2409648450344466
1.0821569856343838
1.141341868034052
1.1971628568722104
1.2070618667829747
1.0491704629488716
1.071959082722888
1.1721921877433774
1.0909984023864792
1.219478432816368
1.171254582215726
1.044963644559382
1.0780135574773795
1.138091732374852
1.1155928951882375
0.9708158816861652
1.0375378321727038
1.1789840343141504
1.1384369139402117
1.0347083251647082
1.0354189315734752
1.1185830176004319
1.0983428880474015
1.0517506861109966
1.0368946190269
1.1289473243510344
1.1111348789090403
1.0156786571483765
1.0414602004873021
1.1720899848124688
1.172678173612385
1.053619741850455
1.0775798443061066
1.188771346816241
1.1549656375712365
1.0402293567917453
1.0447639197754481
1.1277362774595623
1.10322534076908
1.1962893343505414
1.1715180630703572
1.0726079217643745
1.0304737364545375
1.2615229561288546
1.1793914090259614
0.9810651077687257
0.9587113994015195
1.3426399685213646
1.215732789659077
1.0245531496356832
1.0218018937395106
1.2734415327180928
1.1287600348092415
0.9762971633048152
0.9978741452575148
1.2713710791516293
1.2053608903633406
1.0345044205635203
1.0709163489083824
1.3002905145634645
1.1400700955469902
0.9979676031364795
0.9909657284627232
1.4874209998045402
1.341363627261365
1.076852104550581
1.0939283141562326
1.2011781844529787
1.0552560156391746
