1.4421734838064912
1.341052965887367
1.05926112124571
1.0352138765627996
1.2765356147291917
1.1821870224456945
1.0757183780680248
1.0381200113034181
1.2406522872603378
1.1790910539131223
1.035129796760435
1.0414647376550887
1.2029270236365939
1.1682425888971615
1.046161938396136
1.0164342039405685
1.185792787268531
1.1654912660087284
1.007475742099101
1.0262229334894581
1.2473545116284697
1.192965210776118
1.0480748791497425
1.0217657061045327
1.2034271756488242
1.1725735329088327
1.0007728854280122
1.037470827703126
1.1388760178084896
1.0602144521822447
1.1709510961377987
1.1555791687491057
0.9253484582439264
0.9825014471022313
1.181273052244987
1.0795390377360008
0.9643758514488066
0.9175041835508698
1.2018700905271706
1.1225987011920253
0.9860262725741777
1.023291987464149
1.1739356134938612
1.1585340725661708
1.0575225478531964
1.0292780850891816
1.18500180027332
1.154388429179103
0.9802232007543984
1.0154472613499794
1.2086744415279482
1.1705290902922427
1.0411804982329051
1.0166819639905411
1.218417166693607
1.168121235767833
1.0284022719570631
1.0596679134379374
1.1204454273401983
1.0452679025575236
1.0908473569853554
1.0636708559578434
0.0
0.9523373400350166
1.1719180052948621
1.0816079507897125
0.9745468601623878
0.9566186219067894
1.1470552352516952
1.1007157951140452
0.9652754354017717
0.9922589348594063
1.1774627859148332
1.1536128292351249
1.0032935960944624
0.9992507084940686
1.124872867208739
1.1200765798038772
0.953544628246835
0.9836545216105872
1.1607462769767072
1.1111042421524069
1.0075072144111301
1.0053779954700102
1.1735880901770739
1.1363657624846948
0.9938609546352015
1.0240571887426333
1.1155586092775087
1.0223736305761248
1.1058851404076715
1.0897113346059335
0.9211311283850746
0.9709249749595182
1.152057855143529
1.0669067531684668
0.9477494173038653
0.9465431189724277
1.1571812318219659
1.0963354765852837
0.9712862877599896
1.0404858349640296
1.1781388787601352
1.0886872482276686
0.9728340152947031
0.9810571253004355
1.1273893978223357
1.0839542702117702
0.9478761904671887
0.9684699274552159
1.1595011457469837
1.1166162669996433
1.0082092153059512
1.016239593283193
1.1628383555418444
1.1202415638962093
1.0144500138073202
1.0046590746653008
1.0822436053303155
0.9789039485352128
1.1053467301891624
1.0707114358162277
0.9221831774154516
0.9482745017342964
1.1207924774695461
1.0167352067879003
0.8830440212986288
0.8988971211841226
1.1303511294179933
1.0829544457332472
0.9949800598839322
0.9813546156373298
1.1411935494685257
1.0306540503325214
0.929532249090754
0.9300689375015005
1.1200120466809107
1.077542976067413
0.95691738238285
0.9554845142104739
1.1429641918273061
1.0915228364405511
0.9657884036243171
0.9852973188113765
1.1469084327622427
1.1093642438144562
0.9862903937374605
1.0033459834163916
1.0393884740917458
0.9440255428912597
