1.5916772657847469
1.4641558009915072
1.1439098646202501
1.1402294078323696
1.7025533538827045
1.4572924090638986
1.1775932798507671
1.0487454638605247
1.4952096733234808
1.2162413783856372
1.0268448322688077
0.981676694088158
1.485171141216686
1.2771388672573092
1.0888983772917986
1.0802501246973184
1.295108258414453
1.1849749310771296
1.0527823901862692
1.0162909852643256
1.1917937818533175
1.168375815830152
1.0002372408742597
0.9649890835319225
1.0283029317265378
1.076525779690927
0.9171643720311682
0.9593366469195456
1.1030724326091539
1.0578722825216784
1.2086428903377628
1.1430977376475002
0.9889650776903713
1.0004517074824786
1.2308698139872534
1.0951342368077068
0.9685759473590587
0.9489612342985347
1.0836654755717008
1.0077671388314327
0.8663262878943048
0.8990687347678308
1.1801720917185416
1.1371476177656594
1.025763137973368
0.9824768556063975
1.2403183562075972
1.1632358145365644
0.99351294069495
0.9907281171142173
1.2496613491150899
1.1705943211019383
1.0738315033324324
1.0278943553355466
1.1142818258118923
1.115725548231252
0.9459647601932212
0.9666144344478796
1.1296369777963868
1.0155207292575186
1.147327062683967
1.1102481861345592
0.9945270683713621
0.9898246556008553
1.1578234718203337
1.1032438420580228
0.9977185513849502
0.9482165723546369
1.0198921550835487
1.0470834278293442
0.9059884792318037
0.9465803970759343
1.1440209421004484
1.1092223516087432
1.0046124968687893
1.0157539843449812
1.154450485841026
1.103843968641149
1.0276684750354095
1.0051238935190887
1.163829984283523
1.110666940088777
1.0366364470288225
0.9972930360623438
1.116123086259718
1.084679864913892
0.9652355083383993
0.9929109226688879
1.101545854239659
1.01925215277999
1.2003124236310045
1.1886716908534911
1.0345459798309242
1.033771553853013
1.1602804666492776
1.087508628367359
0.9868110735957234
0.9410960971341614
1.056829811122303
1.0785408615754812
0.9137159663709831
0.9405085373544911
1.1414768080141386
1.0930164637266735
0.9953823383081091
0.9711165132124739
1.1327643508257834
1.09378056158275
0.9908734401451971
0.9752639561890908
1.1312342696989002
1.0467717621031316
0.9843938080028913
0.9638318396901345
1.136662310240536
1.0943749169531685
0.9863398162919212
0.9799414725978224
1.0736857542946248
1.0062993277525683
1.1582366948674685
1.105811138191241
0.9866403507031752
1.011060425124025
1.1488250037052332
1.0672832625867135
0.9725294346069583
0.9471111706834036
1.092875539550174
1.072224107323173
0.9405852039859238
0.9402069455217658
1.1489900981243475
1.0788148084624793
0.9849286616524353
0.9574472515262026
1.1305875230752767
1.0900479351260188
0.0
1.0257253372560178
1.1334475863811841
1.0573605690093846
0.9810125109084207
0.9706879564093562
1.1159503711147736
1.0765062753997197
0.9581524285707409
0.9826620069614206
1.0601236996848473
0.9940896613058386
