1.2506824494748692
1.1857964310159292
1.090822719402319
1.00747871623026
1.181167747134548
1.0880650149859403
0.9184623196712304
0.9033233974208936
1.2068580152214294
1.1326774454488666
1.0502773592103505
1.0121608499882877
1.1638270456956592
1.1565820756781249
1.0360166449021788
1.0355361320081036
1.1032299520744404
0.9712281276109689
0.9552226721803864
0.8810878707003479
1.14447914810412
1.1297067103635887
1.0168914353608374
0.9862541876608034
1.200196830520093
1.1329963050604728
1.0066006619693717
0.9751452535393034
1.0940186244492176
1.0823314283180843
1.1707416662446934
1.0716646252510482
1.0170575480893171
0.965356000256997
1.2040078613822
1.0994113721012437
0.9695935715925434
1.0159692935120646
1.1817306131149303
1.1125587588654793
0.9913758564331344
0.9835658742335875
1.182737377399744
1.1436630422367662
1.0236381647059056
1.0110810575920486
1.065520798703258
1.0330376084515536
0.9419949280558448
0.9586682858180949
1.1634743077764567
1.1361291763427541
1.0255173836585911
0.9897955004891346
1.161597545808016
1.1190101246384934
0.983018641481161
1.0287634903223424
1.1188831880452494
1.0455090083370642
1.105531190183159
1.0011331308624323
0.9847785448809914
0.9133311227530173
1.155345451767926
1.0979398979851327
0.9527944667882075
0.9574876879040116
1.1578980822041067
1.0935526054606892
0.9354359604421059
0.9475561483795245
1.133382940750414
1.0584246417456864
0.9879656545594343
0.9502174258883672
1.0882611696431537
1.0728125187585755
0.9232830919117673
0.9388115608583898
1.1241971822004717
1.0637473714725532
0.949484123866782
0.9771895044379917
1.17292659511735
1.1142002432207296
1.004929060042641
1.0187287691180662
1.0862604148683983
1.0173466837274634
1.1049601309722976
1.0847409228544276
0.9340597926238908
0.9673537112881251
1.1533580049710495
1.0550287545131183
0.949280970087041
0.9470621578488216
1.1058911964759863
1.0609588840850324
0.9770174607812769
0.9133715270701712
1.0996718541536714
1.0310045581661547
0.9459054433604189
0.9282839822564832
1.0713627296324528
1.0821805977600325
0.9329088721374275
0.9399417852241551
1.107347687696122
1.057269590552053
0.9529968543019983
0.9575815989655662
1.1419968187862455
1.1023005480370638
0.9997397319117333
1.033491602919541
1.09276783704235
0.9892399241176957
1.0943952266411527
1.053942762859471
0.9219269635538089
0.9468803183313478
1.1145304109206402
1.0197647734381523
0.9372807411364105
0.9012725759103896
1.0941862983480568
1.053246155337655
0.9525488020657414
0.9550248213803643
1.0913985572767566
0.9947244504558616
0.9411566794125448
0.9463527259830313
1.0743886772780575
1.0369276089919797
0.932987738841583
0.929618849445847
1.1162641939223823
1.0742884451018706
0.9495074160116691
0.9953226048616669
1.127615716414918
1.1031750163276697
1.002342280627237
0.9901889422145246
1.0386023631237007
0.942848587822663
