2.0591523615290432
1.93642858292984
1.513724439706266
1.5779676904402193
2.1620862725633945
1.8979665749113357
1.4671471658621948
1.5049594707947
1.9074615740961394
1.650710928654153
1.3891410406607778
1.464040426586015
1.7941205772458317
1.444619306244488
1.209987673824625
1.2291880357831495
1.3615007528769107
1.2636230158462527
1.2027205579083478
1.217300133138155
1.2013151484973636
1.2353660883471675
1.135454588407657
1.1522894940103607
1.2730863529709955
1.224130930091022
1.0686414784963776
1.1345696220274768
1.2569523425360842
1.1783970255580851
1.2295938953974774
1.2040045099615555
1.157947325310689
1.0847810387711923
1.1062440757050476
1.092358721681952
1.0243690200718547
0.9523264962678125
1.1538070234559596
1.0731657110268285
1.0057988080152174
1.0416083437896393
1.136140972243665
1.1051550530791705
1.0135160368996525
1.0081603095042855
1.2141639089793659
1.1353616259103765
1.0449071417058984
1.024981310672453
1.1796218601252524
1.1645609042790417
1.0335098208667597
1.074485349976255
1.1460461476954238
1.144519428807883
1.005443176810283
1.0533390633823763
1.096559543954551
1.0616690266763076
1.2183629301805383
1.1916157065073423
1.104478726225704
1.1102764282683255
1.1670710080748365
1.18826301156005
1.0042259315365265
1.0422165526332243
1.254557834674219
1.1455241046913227
1.0267113600794857
1.0168892805571317
1.0938069077731372
1.1350062253714719
1.0331351523236527
1.0012537778595658
1.0947946431442424
1.0643154405408595
1.018722589440188
0.9838402970924299
1.0756862470426132
1.065404597798299
0.9830498949765186
1.0019522573244317
1.1255794773749783
1.0936844043091636
1.031557384688338
0.9982321794697449
1.05243903864903
1.0617103219293782
1.2087253519215269
1.1671047112916269
1.054039277170772
1.080120101469545
1.1090047000238095
1.062869616725147
0.9963994566998245
1.0049309922785719
1.1650549349544619
1.1509222628573972
1.0946259083137546
1.0659924846893025
1.1392253805847716
1.0689002455076155
1.0270372871789626
0.9978184643659084
1.1301080816983404
1.0696985550648326
1.033674912184278
1.0175078577690446
1.1028101836669313
1.0893379530739473
0.9743068725930175
0.9985370538038563
1.182389205915944
1.1354855093831044
0.9780902728646239
1.0109243161737929
1.1513697828192127
1.091287023440166
1.3951985825843138
1.3317941086544525
1.110028587828595
1.0810168455532585
1.398415521773333
1.2071355738920906
0.9890356506474357
0.9833691899024626
1.2825171260143358
1.110843693155271
0.9876504880529627
1.2737801117764616
1.108132899643493
0.9939446844705028
0.9641333562738196
1.3542454559509776
1.2359398112505304
1.0067097015536026
1.0033756255764628
1.5556482418028006
1.3327053213062594
1.072265787910882
1.0462935468426078
1.235985749826596
1.1163561907656432
0.9990807169606613
1.0139187413680433
1.1226172217817598
1.0011196152997857
1.0924153606201221
