1.6455090219188862
1.426469263763842
1.245231423246604
1.5465314132975545
1.4574258199324548
1.2694441450682592
1.2104232065518212
1.452102928002204
1.3816532463942972
1.1524616191084935
1.102389159054651
1.4310013051162431
1.373197554284639
1.1964201995825154
1.1571686942169521
1.3847283379382216
1.3545402922730376
1.133802486077648
1.0933844775965766
1.2685242484061465
1.245303221399798
1.1389648181674648
1.1265083308762964
1.2847667271966658
1.279281156864461
1.1394644993759824
1.1097170160597478
1.3774620080557403
1.2749034217278872
1.3923222462418154
1.3746778561598
1.2880332088619701
1.1900125518899647
1.1540161385477339
1.3660363743845187
1.3134782537674843
1.1083416801964368
1.1354123542061534
1.3730786601801965
1.2780901449985003
1.1108683363539071
1.1089970178412853
1.3549155304418372
1.3313243207336145
1.1101448552277002
1.2307254305460378
1.327117167624805
1.263376121515826
1.187336255107237
1.1014464278452218
1.3587541854804701
1.2374254251735746
1.0975539655016233
1.1296866208547012
1.354889063780515
1.3182128195543632
1.1987904057016054
1.1796904375203972
1.1895428241294554
1.1615171599296155
1.332916290621214
1.2734712548617095
1.1914065367795934
1.1257764395693939
1.2800019795477027
1.1878589368872554
1.069488600154564
0.8959325871629811
1.2721523365415994
1.2613190851953853
1.1333924956990094
1.1483399630356277
1.27082061097057
1.1436239855265564
1.0788963763233586
1.111887334784008
1.315161584259255
1.2467825510600403
1.140503690055058
1.1040083692965994
1.3349169450620997
1.1913815798356593
1.0134279591415905
1.0544043293495982
1.3251870697380654
1.3034360454141831
1.1409783458864873
1.125305173804169
1.1872659258984162
1.0280390593080202
1.287571346988797
1.2563896895780036
1.1391246082101791
1.1045066085132118
1.249412682576154
1.1631998775744024
1.032318704858071
0.9727761689839821
1.2821002116828375
1.2337410223953071
1.0997641092772241
1.1730869853140762
1.294059250624046
1.1081605128679264
1.0980675903965509
0.9746054229245278
1.2935079943721366
1.2341277486600808
1.1626852766742024
1.1606154132496813
1.2693608528839526
1.1009907845381397
1.0149725030999182
0.9960525579454631
1.2044403665399666
1.2189316710591775
1.0398013031262385
1.0792601247055498
1.1643857974594196
1.0920518006205702
1.1865092694959454
1.2051496807170803
0.9547010857547832
1.0637187638922163
1.199089859437666
1.1644318508884546
1.069375224660927
1.0602198093682764
1.289944941290469
1.1920339421019293
0.9910778318683661
1.0464584468859564
1.2317408998715236
1.1883893713973483
1.1006725826923867
1.030799525075867
1.2114385299887325
1.2039083813595075
0.9982751768630305
1.067631204637481
1.2069781891157632
1.1485024500542576
1.0858683148365949
1.0695718491576924
1.2289157396413228
1.1863427140532108
1.0598342982145335
1.0901974380172526
1.1726636098925274
1.083765553963143
