1.8354490731814976
1.6107214467484983
1.3515671137305671
1.7431208239289078
1.459452567793041
1.3087652651966597
1.2731989708079503
1.3956082208543028
1.341156303924809
1.2017138014794386
1.1979635103193655
1.4282206010268608
1.4661407340347579
1.12710771405371
1.2767103324075142
1.3262642479453803
1.3768959882236471
1.307135238422024
1.3253724481130902
1.469470578742439
1.2895774986380697
1.0703692844335768
1.1812651899081243
1.23272431152578
1.2725929680731685
1.1769821837319083
1.2319048208707888
1.2976588815447576
1.1418519727551388
1.2127656468038046
1.3456514952865328
1.2988501200013516
1.0807570413399803
1.1254081830937848
1.3038442674396176
1.2468023819270195
1.1319448645430736
1.1061629232984818
1.2397757908932843
1.259732922029961
1.0402602978842423
1.0581553537252562
1.2787736035810267
1.1824976116481676
1.0784556139840382
0.0
1.2263179115586518
1.2593707166078678
1.0990644024223728
1.1321084407360205
1.2203289672058857
1.242277469937951
1.1339063256274804
1.1067793187969022
1.2842143774122339
1.2276489139546418
1.0621630128982398
1.048869619391013
1.1384469369698627
1.0705467862561175
1.252860200356234
1.2112677355481276
1.1071206529200341
1.1383784593836315
1.2219368188575839
1.0486764852525485
0.9620680074285506
0.9577253217347994
1.1647521661105378
1.1348733065124834
1.0903168185197287
1.0889060343941062
1.238118801885982
1.1752340586955372
1.0264347388036628
1.0686254731457503
1.2381863199685579
1.2553829439201154
1.1037650826076024
1.1229528868359557
1.1307798772766608
1.1264947069959041
0.9889852734661847
1.0291271811212699
1.2456659865676392
1.2318110837978757
1.0751329925453168
1.0886271405408303
1.1661547743892127
1.0791962550266887
1.2295789242090513
1.2015543966113211
1.0916770411927323
1.1095348604721014
1.2029547755793037
1.0530281614101458
0.9923008351388626
0.9624111441682982
1.172154594695962
1.147000913108066
1.0359093299397573
1.084020127831556
1.2588505480981795
1.1722584678218688
1.0676504669477136
0.9863770505405696
1.1981667850867574
1.2168802075916376
1.036701068952639
1.0562514721081342
1.1413278308439359
1.135238195880781
1.0112206092441425
1.0274627766815112
1.1843061009434386
1.1388074766328424
1.0419299995315043
1.016161313135506
1.095829367028517
0.9590677733225047
1.163827738915814
1.124718483806841
0.9928969648304408
1.0645932415124548
1.1988045003582866
1.0929385604462
0.9312681236248991
0.9593239674728605
1.1818245972401098
1.1500803032128613
0.9317825572592664
1.0467713248386863
1.226613832209774
1.1174229858999036
0.9732944149479038
1.0239867672293708
1.171957185757587
1.1277423155914619
1.009824005694475
1.0367750128411712
1.0908102992026742
1.0300214015248057
0.9102855805618669
0.9314845021663103
1.1212283256646856
1.0862813901390027
0.9860847737866204
1.0030181574670776
1.042836747221697
0.9992411556837405
