1.8031782381226915
1.5036499891954296
1.5585094589172968
1.5463666398206786
1.8926415061402617
1.9471869467259961
1.6949404817460318
0.42804669084703656
1.8104876333669404
1.298060903852379
0.4625788868030792
0.5973720061452836
1.7170406083119474
1.2323204624141093
0.2890066077701558
0.3849079035361204
1.7929880010355166
1.3529824109153896
0.4259112500392793
0.48807002200848926
1.720633155700377
1.2667782676187194
0.3803842563155401
0.6762119459619225
1.7956793686060393
1.3289118405600728
0.39853905897729036
0.4746027068128329
1.5004547498114065
1.7642325908634946
1.7796566867902808
1.4224701569200178
1.0940959175814986
1.004321767945539
1.6255109852558995
1.1296329479391658
0.20358424101672973
0.21942315577025684
1.7106214955319274
1.2371359638360062
0.3940634458497427
0.4523668901618847
1.6990212422959052
1.2421022199650047
0.5817363840845947
0.7194046682047488
1.73995939449099
1.3296243536458787
0.7663566202483656
0.8043113069980232
1.697792841199416
1.2798074774088761
0.6593874390426775
0.7088286503124
1.739403003040871
1.4029756729146736
0.8230268389097708
0.8056798968397655
1.4393813470545331
1.7904488729315777
1.7404132411714963
1.2852686693338462
0.6097461162738759
0.6025943008691733
1.6098207518441947
1.099488709307186
0.20214069360417378
0.25842066017366294
1.7194445257788669
1.2460130365468436
0.396939797528423
0.45319411287828276
1.6714150612106247
1.1905444381676606
0.30321421765793877
0.41568719865264403
1.7653691467772483
1.3470981999640697
0.7899867392526773
0.8551234858384368
1.7065455560782994
1.2998081951611178
0.6837010090245644
0.7292019429393155
1.7430122639026429
1.3972375819033533
0.8267870243250219
0.780805709990557
1.4356543641501482
1.7990571812542109
1.7428267680131044
1.3078292257097663
0.6227857857744545
0.6326888771117141
1.6252549446092872
1.10122438211055
0.19890494821777036
0.25314993813150155
1.7231190221088168
1.2499429256583048
0.39969133947242436
0.46028565851170494
1.6731554029543299
1.1866500248978553
0.308582268416466
0.4167133798144933
1.756862739816786
1.3409693155491198
0.7814185099906071
0.8499124280290219
1.7232840660181554
1.3080878126447377
0.6739949558001354
0.7252266573539781
1.7557483953525543
1.409596931169354
0.8561574994083797
0.8028713169180566
1.4482129817078342
1.8019856604424385
1.745972206990841
1.2991424460447667
0.6221711204583517
0.6186703349682886
1.64513460564565
1.1494997256119341
0.20841632256032275
0.27916105114520856
1.7442790814690308
1.2763536889586284
0.3993452023214609
0.4599162357779248
1.694879763897009
1.2091918800039798
0.3401333699226563
0.4344090767458413
1.7697733013711372
1.3496728762177623
0.5678035451658011
0.782478885647617
1.7247641175383301
1.2473113026188498
0.610230058946255
0.7507782548410011
1.7594237883371244
1.4114106824948838
0.8620719124770002
0.8135018612354687
1.449845320113495
1.7970033918792787
1.7295636968186237
1.3104403633979491
0.6571331708840276
0.6272671693756904
1.6414426291314907
1.1360790296501808
0.21685833848604488
0.29191207712281503
1.7543709296456766
1.2845038324067195
0.4101477960150069
0.48096591439780556
1.712174834867977
1.2328833644518566
0.3356537338734043
0.3923188956719344
1.784758545504499
1.3681255642781933
0.5800922193762412
0.7733040354580127
1.7283393224431716
1.2459607230049736
0.608576409312171
0.7341421088662148
1.7746309802721616
1.4168962847692155
0.8577245990272847
0.8096472597225312
1.4667974574268061
1.8026374232010351
1.7609330314763671
1.3120240877850977
0.6328931193664626
0.636170187886624
1.652610288569717
1.1296209285349472
0.22463191619150036
0.2902547693959552
1.7559290655091282
1.2692765161322912
0.4026416705026307
0.48923815565170126
1.7075059230245866
1.212927254532992
0.3289704337260628
0.3915951368217788
1.7906725568960389
1.3606586315560858
0.568457571282454
0.777889864141393
1.7392916830814211
1.2555819331596831
0.6133449850413186
0.766480314579119
1.7789482603894995
1.3332036347293525
0.7263728737358076
0.839134268395822
1.4434077815413022
1.791201652800823
1.7813055975500296
1.3581798328843913
0.7405800749776724
0.7120162481221208
1.6535930005338002
1.1242063543235696
0.23007802573520517
0.28652148794095494
1.7791603471374646
1.2928679427943996
0.4379602252472805
0.5350804809195511
1.7090542598021061
1.2068083757253019
0.34403470079526327
0.41443755026267043
1.8118205687464004
1.392888156168586
0.6390875559074768
0.6253683838512795
1.7469928448769574
1.2593002541599003
0.42345635970380385
0.7024731771341952
1.799821807915639
1.3562097894604597
0.7735212862952128
0.8972699862525909
1.4667580620259055
1.7937580901659216
1.7852752272319488
1.3630000699768572
0.7366033813011525
0.7251740497790391
1.6592061415860941
1.1210956098709017
0.2270437823916486
0.27268797138244244
1.754306995082736
1.2615462863194682
0.3847402172517785
0.4920466869786252
1.705085564096923
1.2040663945850008
0.37712995578634584
0.45511649013522404
1.7841666697873935
1.35839237983318
0.5705333286216493
0.5461804756470969
1.7300694843705438
1.2468978389684096
0.3784193773943981
0.6680955686849123
1.7712118597216968
1.319408648237641
0.6844108692332618
0.8162787869524741
1.4730031039737697
1.8085034563316253
1.9716892607573282
1.661842442707354
1.8901171882826646
1.1720958246059545
0.24641199358459195
0.2435132636439708
1.7442985732647627
1.2509211179282835
0.24988807380966957
0.3032429723400169
1.7499692321812403
1.2640118021796145
0.3908082186040665
0.41411369574412316
1.8004114811835057
1.3237662657086475
0.36438371290711724
0.6616289233876673
1.7744292563662303
1.3033231840729296
0.44050139284695955
0.49257401679206064
1.822405360801729
1.3454515429060794
0.4341974078555253
0.9083948886800078
1.6889980753761213
1.1456873520703885
0.3622730842224598
1.8879605945907363
