1.8746503334564648
1.5348056601491868
1.514583905321154
1.5242542862358466
1.5391707345486216
0.8365804245756996
0.07731705239495479
0.07669814159837667
1.9362103946004685
1.4376513212584563
0.6558353194719385
0.8194037310989586
1.802097547609515
1.320884258174331
0.3571992505321317
0.4085650985628023
1.9039295115575674
1.4331557563602277
0.4722485803644874
0.5608752340123914
1.8400299532701638
1.3330730096074968
0.3567103093769911
0.45388674653497085
1.9112421435233928
1.4179124907605019
0.38593990133277706
0.5717557717037188
1.5759804619123599
1.7902159845824455
1.8838802016996954
1.59268965421157
1.3527613358277117
1.2070150969455942
1.7510115134715343
1.2154954694093676
0.25580025319955063
0.3495327447058597
1.7946830787832724
1.2873913717581078
0.3461579772881642
0.5262725199589136
1.7687973248058577
1.2702855762970398
0.3562454784350065
0.4844089962178932
1.8218883791946823
1.3787302650519364
0.5369508033988937
0.5813026084326742
1.7939908871688903
1.3122915687959087
0.4621395692452871
0.5628844088590447
1.8483373670326497
1.3976393056293899
0.5349622089447063
0.8455937879946568
1.5130214599535565
1.8230633198542197
1.8394630697515064
1.4126210168637527
0.8069695545500368
0.7991326271948589
1.7388566443114881
1.2018072972701381
0.247168037993593
0.3548141130658824
1.7904644194530708
1.2996250606710589
0.3732970045364951
0.5215348320581725
1.8036241819272265
1.309201324930897
0.37124656444369364
0.5157759167667832
1.8338185105394422
1.375464588082944
0.506285047570921
0.48729850408059894
1.7959013995868032
1.2756808691379864
0.3319165063153755
0.4350666398170152
1.851982493610978
1.387173117030471
0.5161811572975866
0.6083377849833238
1.4973133142966817
1.8239369100466676
1.8389310545391486
1.4080475108289547
0.7807141028230574
0.781887947711164
1.7822831030965045
1.2418345428050312
0.23048076431092007
0.34601325197775207
1.8580295048979625
1.3310768771027122
0.4290824054011798
0.6000398329998823
1.7906263411634034
1.2797131256816454
0.3787884752619923
0.495656630467817
1.8293197007565476
1.3764797716068966
0.5377030335127413
0.5625096389758384
1.8060518635671312
1.3206203712322235
0.4791835104917263
0.5888676114982837
1.8567822521870518
1.4036363537356087
0.551900266830811
0.6362181055747147
1.5081723374492335
1.8205721299819237
1.8607561795572491
1.446400556348007
0.8201965875492041
0.8098859008716981
1.761468597469711
1.223615592731486
0.268206515162779
0.381936194375781
1.8475259442867267
1.3336146963246893
0.4646430994385884
0.6695010764791619
1.784972175539122
1.2813419719528492
0.35835401386234617
0.5289389620044703
1.8222617534975993
1.3492548967048237
0.4671059205614201
0.5269530999993329
1.772010809586209
1.26718735158317
0.34473467087783777
0.4597905839082847
1.8452571401610898
1.381822615441348
0.5372212021550372
0.6279792626172161
1.5027620971134235
1.8364662676241341
1.808719549918256
1.354876680096443
0.6975820197873819
0.714313706315987
1.712974062002272
1.1752300813381416
0.2304114450470657
0.3267596091744198
1.8126832587628907
1.3100902148032514
0.439611750209713
0.5387850879787319
1.7759406664808561
1.2697391329200192
0.35668987100429395
0.45004012610602856
1.8157714411184942
1.3484609152511302
0.46901794904321437
0.49468152952517574
1.8238439626448355
1.3432327060565497
0.4571695401727847
0.5745851987052942
1.8619233022122303
1.3988062980310447
0.5110899256094752
0.5998167690233293
1.516803001875981
1.8392348189940801
1.8169766871044792
1.3679707518934097
0.679136132323983
0.7080863122764717
1.729374438880397
1.2192215157106918
0.3269289263246887
0.3900609196490796
1.8202513675673362
1.3152625563541192
0.45399045940044863
0.5651325114928368
1.7755397039047796
1.2714707408127088
0.3675125828858744
0.4621387937395442
1.8162328482814005
1.3434397779884526
0.48346901786059765
0.5199634055355249
1.8094900236403653
1.3291824346100247
0.4579365839866352
0.5701917861015043
1.8429021208076648
1.3811206315830842
0.4902066126434257
0.6580984656114309
1.5082276783162976
1.828921329288783
1.8545099613991876
1.4322222290719107
0.8101143929968043
0.7940072987445954
1.7908645788111002
1.2665079724460817
0.3653507295143504
0.4755743224610005
1.8598039197877363
1.3807736791743728
0.547492362165327
0.6326385838112
1.7997744533291522
1.2875298490825078
0.3792345144339164
0.4917196400663356
1.857800473177165
1.403650313976256
0.5370480412679104
0.5744751065414633
1.7916478865891878
1.2800664034943285
0.3892187255905965
0.4659209943279932
2.0498816301191085
1.5238871394943927
0.7490346875312851
1.2245861167344134
1.4742982113577534
1.899088199734052
1.8947212930999517
1.4639081391080109
0.8870670540325378
0.902332473318194
1.7901056852587398
1.246336136088766
0.2513600667783721
0.3432972127506721
1.8439929426174566
1.33001041476681
0.32768762527955875
0.5000460933354187
1.8497650823822682
1.343923157255337
0.4068145972239824
0.5087427311632001
1.8873830155401232
1.4372432230621928
0.5944735446097228
0.5888426627275429
1.8366082620842938
1.324050141917103
0.39313136971411106
0.5082025061210882
1.8955216950675027
1.4227198521082371
0.4810607540502265
0.5593494613994041
1.523962783583847
1.9095494098546353
1.899366135986714
1.4582549741369288
0.8650852602041804
0.8864034588336999
1.8075714801570666
1.2648105433801298
0.24765788467568792
0.3468352293373145
1.8526807247389054
1.344744214103124
0.36497734531597725
0.5062784257126888
1.8486915888351514
1.3459546616316265
0.40152167840086334
0.5191642902483018
1.8919067914181205
1.443182953065231
0.5968640490885151
0.6182947672827265
1.8341165329071223
1.3237416946276028
0.39738202931287314
0.5023389979516636
1.8965668054613687
1.4221088415539678
0.4963839890958526
0.5891169454250811
1.5125533078654367
1.9247234533463298
