2.001570248128381
1.6332900915349504
1.0496176263383783
1.0556013223147316
1.827090370999101
1.0962907005723468
0.09744709609247156
0.1165291142283752
2.0275682871272216
1.5126844785539222
0.5147263736914278
1.0381874930729051
1.8343511785554538
1.3198213922485786
0.4593469059887904
0.5831573059600234
2.001939564823634
1.6339777765592776
1.0462978751163958
0.8574069928561957
1.8339496792315904
1.309182808390476
0.45047882589501775
0.5793849952913559
1.940796608305011
1.456648221790896
0.8261233913278617
0.8658586009207101
1.5294496337275554
1.9172160109963654
1.9456824222869722
1.520462374337261
0.6965957538798364
0.6345875974138666
1.8475147792351607
1.2878558774744517
0.2572177791721493
0.3087997857331554
1.9052702016588723
1.3834422858393813
0.2771210452620294
0.739020702110351
1.8564764382763888
1.3673477778889696
0.4127992115167976
0.5229843068227232
1.9332920172299928
1.4287792168983413
0.38826671236119653
0.736325647634852
1.865330499714512
1.3644438344438141
0.3796382362752898
0.4873882699493225
1.910387046169465
1.4001533434772797
0.5881958207070215
0.7512814919610186
1.5156686397809698
1.9334116238656562
1.9272299870500444
1.4686973569863875
0.5733244769796747
0.5624186695672205
1.8409977130240838
1.2912982204393921
0.24214481084781275
0.3236340730280012
1.8844253542246605
1.3584232420656523
0.2687359973751948
0.7344774210020413
1.8430364496835268
1.3496208893803736
0.39290300520673227
0.49890911535991267
1.9299511473614634
1.4288301064249407
0.419523457630088
0.7729913123061316
1.8517632381007925
1.3553515703649377
0.43849692291517817
0.5573575614407288
1.9228435172389493
1.4271056089434142
0.6420279474480024
0.7390576547468146
1.5155580509161464
1.9194787534793354
1.9469445374677299
1.5312615884349816
0.7068421295839245
0.6345283638290418
1.857207481478242
1.293544433816296
0.27562296879849413
0.3214718532860932
1.9076975155346683
1.391013878546783
0.2776681577653028
0.7508134645566639
1.8565380521732553
1.363523693720746
0.39691801529300086
0.5316576587660551
1.9356216196725033
1.4409484628144802
0.4359648227852918
0.7643377840241052
1.8490272717189533
1.3377281865850388
0.39082874849702254
0.4949152848304537
1.934362353729663
1.435156513066845
0.6492370447170712
0.7564626051444917
1.5173693209859038
1.9170578912945406
1.9467816592850673
1.5189025437127144
0.681676881611732
0.6369193047904853
1.8581887337712009
1.3016086018432909
0.28646234242101437
0.36343203279653796
1.9049290777812458
1.384379684917532
0.302775065481829
0.760027418409368
1.848966242368098
1.3589820484281787
0.4058326208427823
0.515723152188209
1.9218025572414386
1.4276242036843485
0.4394415151274905
0.7684565823849143
1.8416557811699674
1.3384548108695298
0.3947850859928855
0.5029500349309819
1.9223827999047693
1.4203874704171635
0.6399277510133964
0.7321770695160505
1.5117791162825833
1.9152879894957944
1.946469067128651
1.5193021489660954
0.6782972561184746
0.623015686439137
1.854497381255276
1.2919653977122607
0.2735721223798202
0.3214024833293864
1.904541465644314
1.3856732592739063
0.2929860299540769
0.7584024432175895
1.8571148036680531
1.3648001285830982
0.43018800169159643
0.5446231158189698
1.9325634729011343
1.4286444878589333
0.4025890304508423
0.7729768004259321
1.8472550514170674
1.3371677222959413
0.37801254812390633
0.5146967106321525
1.9288243117811004
1.4227280997368053
0.6145976159089295
0.7310808068145985
1.5132237720805097
1.931293227904016
1.9258220509809916
1.4731830239928116
0.5819896160400334
0.5644054717839888
1.8329491084555074
1.2773068104673615
0.2535111779848323
0.2952645724463052
1.8939848934439367
1.3742948939370465
0.274799094387748
0.7626133516050185
1.8398561466827956
1.3544030200988284
0.38667257828564333
0.49123251762116904
1.9305148655089972
1.4312516555812207
0.42238179623202377
0.7692105041301021
1.8525547038424324
1.3433484955539459
0.4018167426666894
0.502593503255135
1.9272025099882755
1.4198550200951852
0.6498046453151851
0.7409447690666524
1.5118280698357571
1.9170935240631977
1.9509276638779618
1.4958842146140612
0.5181252503365875
0.6044848923051865
1.8557318196248695
1.2902872299365087
0.2679131677340393
0.31331906012300437
1.907668550051314
1.379493581022802
0.27154335875859487
0.7791354654105817
1.8553925808788343
1.3674313101085023
0.406712980541846
0.5125154331593424
1.9389313592316126
1.4350970947224095
0.4165548703878692
0.7769459739687562
1.8498788246769604
1.3428162657395801
0.3926377151564095
0.548301332039403
1.929169318363384
1.4236035740991049
0.6486230820719838
0.7563169269116277
1.510074031584009
1.9199140189200916
1.939152518260098
1.4839851464861458
0.5128944157459944
0.4176121718993953
1.8401001459574997
1.2750640862508151
0.187892845911113
0.2977656063437151
1.902193575570628
1.3852803808042362
0.2783299166680327
0.7412771606699851
1.855095934419186
1.3629314929301477
0.3985547073304799
0.5214963545298796
1.9397928613113171
1.470505986004027
0.5135134725970374
0.760645070762114
1.857719560524226
1.3469727082997642
0.4058803704275496
0.5004042463364781
1.9300230870523007
1.4210233815063846
0.6366371395942206
0.7239166490208927
1.514841327455514
1.9241923825550382
1.9482534746149491
1.49328864327218
0.5231885560648637
0.42981739009780745
1.845028873556509
1.2704866740920595
0.1672817652095044
0.25529274115660083
1.9529147381463365
1.4129961065877938
0.2644767898730221
0.914560649220761
1.843725136502109
1.3226249749531622
0.34766315558276506
0.4964769919063899
1.9384719968005901
1.4258178970798476
0.4064598755403455
0.7880825596009449
1.846330642696882
1.3370947481556021
0.38264875595384296
0.49720885279882493
1.9251046425549652
1.4218644893147039
0.6525802534312254
0.7564791573793825
1.511875695332243
1.9260013835992822
