0.9671445858000284
0.9484426427781989
0.9072260029291029
0.8870029293173701
0.8721121727981992
0.2804707266166817
0.1097759576295979
0.12546522447046854
0.7268973542387107
0.6246572356587047
0.5331633857930298
0.5214755930137007
0.8601737761754464
0.7622581338008234
0.6507428199766103
0.6281123247405005
0.8955395049051699
0.8495839566296847
0.7835953645806089
0.8175689727344971
0.9059114458010029
0.8650317864137133
0.8380874733619131
0.0
0.9285802459098298
0.8947785463940472
0.828101832390029
0.8411596501762536
0.8764705414354896
0.887686658386611
0.9492312034826034
0.9119760103655336
0.8543908303100562
0.8629790613839747
0.8982927237431036
0.7929693902644636
0.7335625852515035
0.757936170862201
0.8895874725635398
0.8402862934824666
0.7809313523285044
0.7925455223792428
0.9016447908316412
0.8680844400241191
0.8289474833761049
0.8273987176966522
0.903551787385963
0.8996367774749525
0.8509416799778445
0.863377573761255
0.9359833101090295
0.9170104865612996
0.8715748634027567
0.8576390792704507
0.9265508354613221
0.9087727497335625
0.8496365950435512
0.861566007181361
0.9064752480160343
0.9006524279672146
0.9527367048218883
0.9435380983365917
0.8957127562000082
0.9146011599642715
0.9393066737787552
0.8348658120051317
0.7768752956506209
0.7807250768010703
0.9059554242953474
0.8776177844371253
0.8292453819340284
0.8354292884250598
0.9036883514982545
0.8931344917458002
0.8541766946166989
0.856530347069545
0.9189237245245012
0.88526763000864
0.8466190856965353
0.8640125302842149
0.9323565299869316
0.9163767236834692
0.8730815501957571
0.8571351424327374
0.9276052962204296
0.9087482641747933
0.8456111245532878
0.8588498321323433
0.9029970804652458
0.9066898680204839
0.9538755364274348
0.9289718200551792
0.8873338214787629
0.8917562612830333
0.9312848399002881
0.8548882205998238
0.7928600111050421
0.8025276804886109
0.8936372330263782
0.8495824045676922
0.7913342943523691
0.7912228619522352
0.8935060286667197
0.8785211390480759
0.841113859506446
0.8462164688134203
0.9120250820414385
0.8917554180349321
0.8536253148716867
0.8427081656830275
0.9212990729337779
0.9157480313719789
0.881263122427164
0.8560000636200797
0.9340927127925316
0.911697770760946
0.8519423637158543
0.8447314059681188
0.8941982626937209
0.9010920106879242
0.9528890191098099
0.9314842763041765
0.8800115246296778
0.8889848787197304
0.9145476618867941
0.795920700247156
0.7394008862603327
0.7359901732713905
0.8927033105599451
0.848793821169774
0.7962130156937264
0.7994818479904461
0.8993609480080657
0.8935797997005016
0.830920053914036
0.834834005648191
0.9220304666299309
0.8989393703335586
0.8536683143245312
0.8591259552812963
0.9187303817077825
0.8986632002485748
0.872611381735246
0.8450541441800058
0.9334588479001773
0.9172833096443826
0.8645925595334862
0.8663273460793325
0.9028269021774123
0.8935434226930009
