0.9677112389911449
0.946265128697595
0.9060255438469204
0.8987958360934194
0.8667912949300164
0.2665906308949682
0.08541401484988019
0.10858492808361522
0.7070457143376094
0.5959420175461492
0.5105754010851432
0.5076138077509615
0.8643029346188321
0.8045845470437449
0.7351180805944874
0.7308152724147079
0.8704082873868763
0.8065934880649219
0.728516865255753
0.7313205627721696
0.8923263871260789
0.8768090654458024
0.8278990081344069
0.8462650723969356
0.9009155275913052
0.8720279748059783
0.8293500840300183
0.8214369096661192
0.8685381723667278
0.8931429251384307
0.9487655852235596
0.9150377313867859
0.8704898367161777
0.8766699759209572
0.9021991843103517
0.7845823691864966
0.7364912873438221
0.7275576545728928
0.8774079725928877
0.834249496267901
0.7807939748178064
0.7701270124161319
0.8963501841590155
0.8883887226260462
0.8411112193970143
0.8429916405575026
0.9154402062758095
0.8912867098600041
0.8523779188289755
0.8608592154354147
0.9278354238681618
0.9128274015296073
0.8656476295739107
0.8702269532046357
0.9148571581096725
0.9095937467270495
0.8628281394738707
0.8547013134326791
0.8987968788344327
0.9014719737645506
0.9440256314051032
0.9386614001027141
0.892533839417208
0.875978140250104
0.9277726067841248
0.8442316878718265
0.7872334761611482
0.8013960090532084
0.9071544430229955
0.8858408443261869
0.8365535975798759
0.8165376124693027
0.9089998226803055
0.8703642295368813
0.8261147464823884
0.8175752733532812
0.9099520223555181
0.8937022355231324
0.8498568093017247
0.8534796240995254
0.9229919871561011
0.9154181682873695
0.8615126203704194
0.8732476670020503
0.9254868383859145
0.9108280760734457
0.8639801282437072
0.8478032431615686
0.9002537368204329
0.5141710777873917
0.9543482249934355
0.93884807219025
0.8968199347990178
0.8856542672188144
0.9198681893091004
0.841095397984463
0.7837990084250451
0.7841635521163174
0.894983057294025
0.8437915002697833
0.7992318680482926
0.79485414433851
0.8933781706292934
0.8766446778687355
0.8436966766860371
0.8546968920544771
0.9104436909493479
0.8831004771627436
0.8389816327009512
0.8433761865517179
0.9247792590994938
0.9061634454992519
0.8539962142873645
0.8525148200541387
0.9166897626756955
0.9041788536895508
0.8445967477778004
0.8543819388547517
0.9066825656866299
0.9030667644670632
0.9487571606458602
0.9360945435915806
0.8822100866258735
0.8841401604726343
0.9138612819226718
0.7985609590166248
0.7299861510465706
0.7323520908679183
0.889963271095478
0.8387188284739476
0.790986208424582
0.7796336259878565
0.8965998791902372
0.8701504533684423
0.8088747050757846
0.8327990964006665
0.9149808416567475
0.9007045265571435
0.847886988683746
0.8585008990431846
0.9262843534936995
0.8983397010983404
0.8598201924099823
0.8648161092337913
0.9334330739160284
0.9189511262821065
0.8717776136251012
0.8664841908924029
0.8995751423872576
0.9008137030417093
