0.9551157644361755
0.9400818590408486
0.8809338885797803
0.871481590010683
0.8657162793266034
0.25534865041072746
0.09472678104194424
0.10244538782930204
0.7196924454167373
0.6088222183581203
0.4974389392237862
0.49311921093644207
0.860468891906497
0.8025486140941298
0.7373632467815714
0.7377898075634138
0.886878549592767
0.8076794443300694
0.7168256337545631
0.7608428743062007
0.88093804720631
0.8595679288287743
0.8041974599278229
0.8071395310776353
0.8768892542246826
0.848834011121212
0.8162272594220038
0.8081046919645591
0.8568694100347701
0.8860510174068075
0.9276689564063102
0.8863685281217282
0.8511667553827481
0.8518646665463745
0.8936550948841764
0.7797521805315218
0.6920791172659868
0.7097759239884328
0.8739726111027925
0.8681450146688591
0.8202045374353384
0.8082019516319021
0.8840939336974477
0.8596943672705198
0.8099160276444504
0.8135022437642729
0.8960513762932247
0.8759821043758854
0.8325033498935498
0.8308535550444884
0.9239878321851542
0.903763523771307
0.8464046368808257
0.8502730771508614
0.9239480762952079
0.9216804657765977
0.8761565245879894
0.8569412188730311
0.8869782081264939
0.8964214334980025
0.9369849932121319
0.9246354395510576
0.879556218028583
0.8740472623166413
0.9108742688267193
0.8078483189752949
0.7529055963041622
0.7334040490939848
0.8918230943300248
0.8587659764097255
0.8161449089957998
0.8054652551486666
0.8888122622326834
0.883341222358154
0.8427154787750835
0.8243166482785301
0.9052084347139412
0.8844152444141131
0.8409044284221836
0.8443728993978876
0.9308617267643012
0.9132167805244829
0.8479758247639716
0.8521388490798816
0.9184004229530521
0.9034652021954911
0.8584083150912029
0.8408762914757097
0.8967348736636954
0.9060898510275421
0.951077737230747
0.949084161804523
0.8978446202187932
0.889454033459152
0.9155849875137576
0.8091746844337571
0.7579145255385843
0.76523556795897
0.8859467411856087
0.8299102787129768
0.7639225152453535
0.7740974983850113
0.8880695555284225
0.8670377109092036
0.8138242308888689
0.8225983464311419
0.905154580684882
0.8870695435148848
0.8260211906960973
0.8512676330930941
0.9198931387847494
0.8935369054923858
0.8455166901402107
0.856780523392101
0.9225749940281882
0.9034965115960523
0.8666592837638136
0.8473501221124258
0.8870824691757242
0.8935980641913143
0.9473364315705141
0.936613393495818
0.8849460454695074
0.8866388537578109
0.9070202524842983
0.795359263878855
0.7639269833442193
0.7580307686440172
0.8860870388096002
0.8253398260149319
0.7755877520971781
0.7910486472823842
0.8925923781432363
0.8595779749605016
0.7945933923680609
0.8092082911957732
0.8989264140040152
0.8700984272682148
0.8276838391277779
0.8491204126824041
0.9218918098734081
0.9038244897100915
0.8527365362701469
0.8467627137502848
0.9171846029083125
0.9050751414990428
0.8657302029589734
0.8413559250118724
0.8936067620645726
0.897858808622716
