1.480424581869737
1.156281988479353
0.9779548785694879
1.180067982565773
1.1972546738470482
0.5771785836581763
0.018232531632296926
0.033448439974732125
1.3323986689981218
1.0631716508343956
0.5806833822535932
0.6475689369017703
1.3373526596415033
0.9961369201737633
0.4092627142746442
0.6189897456912099
1.447743123121078
1.0598368238080613
0.5150762723314782
0.7463750989345818
1.3826475433664718
1.0745514231343414
0.5738677122943363
0.6074152072819378
1.346669886813262
1.0340846765602043
0.5100937954093145
0.5896328213583701
1.2513120015851869
1.4888023078648809
1.3107289845722134
1.1042832617123668
0.8611460190029349
0.963835908172879
1.1732808687455965
0.6230619643666477
0.04970145649402264
0.04964833798182462
1.1293167754294058
0.7356043577607395
0.0827442502116233
0.08755483535293024
1.3401126382463135
1.0499993965274976
0.5023319999867684
0.11642257645251321
1.3981772508736605
1.0573739709617287
0.2770585252995623
0.6356384172101536
1.3691527562255634
0.968328194174717
0.35704231245939466
0.4067154416151223
1.3548483718095141
1.0422912813888874
0.5344361410042552
0.6306926989295253
1.2405004121594247
1.4979534923716273
1.3471876728492473
1.0312621690965436
0.7230587732330483
0.7917828368268452
1.2351009032994813
0.7683340956408932
0.03757330410142396
0.059784981730304325
1.2675183484082846
0.8950481308301483
0.2750647134405595
0.2591727192095501
1.3418424977413799
1.0511054155289534
0.49472181235401186
0.19548815468341718
1.414542234976201
1.0557790565173784
0.4599584834428386
0.7286593733652862
1.366049438088005
0.9958644680866836
0.3614671118612856
0.4281763858631954
1.3433057284078163
1.0389462124292528
0.518088738871703
0.5847490387537978
1.229861267845519
1.496715680673123
1.3462793580831613
1.033996498449764
0.69508200337692
0.7739880648657455
1.2332897321658076
0.7564458566418439
0.08544860577257654
0.09713560216241242
1.2589185876822966
0.8863998692020127
0.2697959127042102
0.29469043939487
1.3456270170810234
1.0502097957259178
0.5284278490089769
0.35095723406923246
1.4157816691097669
1.082768792851464
0.46854377465667907
0.716947701951198
1.3633369393140782
0.9965055527553082
0.3602635127347997
0.3810578700295845
1.3418940579518197
1.0347210176532915
0.5384270825976389
0.5857585872491846
1.2416367257668897
1.497208284577225
1.3456388178729306
1.03546012570223
0.6971445949145451
0.7902542330013902
1.2388179121946261
0.7633045241603283
0.07922358729500313
0.07938477084630848
1.3343280296048696
1.0504329328994135
0.500333469072409
0.11616369386605394
1.3049708680475551
0.9336594211296617
0.24269838355026402
0.2896855742241964
1.4211585278148307
1.0866118206247188
0.4565560915651724
0.719743427194813
1.3587636778544723
0.9932045181725331
0.3583316566422802
0.3884937436357505
1.3298628743760974
1.013992408439907
0.4903038714289605
0.54353842729684
1.1883045157154843
1.4850584647600074
1.3065047208854303
0.96329651771834
0.6586084869573814
0.7005935355820677
1.1863683103290634
0.7569791648411692
0.06509075842247612
0.06386094802188695
1.290816124687033
0.9891817162767514
0.4376249200578089
0.1727135978686918
1.2967686085641055
0.9495953017062356
0.39207935758837353
0.4289399638674319
1.4318773084329415
1.0939314688001338
0.4566091349297093
0.7331742256223215
1.3868550811538078
1.078151163519537
0.6840717726523101
0.7048653483806248
1.3248096940913774
1.0067254603577385
0.6071116684067845
0.6079364185166448
1.1907781936024462
1.47875376532121
1.3074122049752186
0.997412584045409
0.6702499204523487
0.7023978583412394
1.1856688444798904
0.7322503777752922
0.08709594070894079
0.07302972531531529
1.2079597140908156
0.8418724329900037
0.24770545695054366
0.25373135742204944
1.3176097554729496
1.0612377780408218
0.645810696114488
0.45378245255099253
1.4085854656179255
1.0697066700793145
0.42790748567327097
0.6462930096685285
1.3732570699843423
1.057040520745722
0.6327009842858049
0.6653999015228396
1.3530976397407026
1.0525969896103249
0.6272393579170847
0.6668554857393653
1.2180711009958816
1.4916453309274988
1.325752394684017
0.9645216583037606
0.6299847109481386
0.6732203492868983
1.1794762584165988
0.7309099785125538
0.0358258726260535
0.04450148031274154
1.2208782736066053
0.8624595587847145
0.2332730364948664
0.25344644522523113
1.321032657541525
1.0791318410887594
0.588636944769081
0.3470221126016101
1.4117345815160582
1.0576071255047255
0.4154783487397402
0.660416657935311
1.3684731377604156
1.0583175565258056
0.663944682852618
0.7069971729965735
1.331788799986491
1.0142787741793533
0.6306616490159132
0.6455476517336264
1.2111230540303208
1.503393865990105
1.318125532265315
1.0027165816532377
0.6592916036696407
0.7656545375642729
1.218369900767936
0.7414567226058828
0.08699144832310343
0.09599968326574726
1.225583098972321
0.8455850726429668
0.3932278281732046
0.38441433749094756
1.3173505809497241
1.0574362093536356
0.7468726314044399
0.6082862230827523
1.4212561862803101
1.09876040422066
0.4465330501968846
0.6958445254858224
1.358441559297746
0.9979251560191965
0.4411745450754968
0.4596964651073158
1.3705936873051197
1.0695030329443915
0.6328791694880133
0.6701644243046748
1.2171269971078489
1.4974873804318365
1.3243837185296488
1.0053738336436362
0.6368508542445169
0.7055807662310771
1.2104747805180627
0.7665084117468015
0.12233813168900183
0.11918497642363365
1.3309911099117793
1.0215203135171291
0.4982057103097125
0.29767821128298066
1.3027726337392669
0.9570425673870993
0.4701115432840162
0.455714343984621
1.4103548733501534
1.0694308942978434
0.4335753735208354
0.6631007478146149
1.364947447496537
1.0102919263550394
0.4364405906469092
0.47262617744165264
1.3562489379311546
1.072416672577452
0.6475036793303649
0.726714195971965
1.2454207483078312
1.5079432003133555
