1.496213657567577
1.1724773010282135
1.0083224867797567
1.1986669655433304
1.2029264073499188
0.645016058017683
0.1503343671587442
0.046840509819220943
1.341418616587141
1.0708142015490885
0.6459375159957597
0.6275152982308618
1.3217978524918053
0.9812128847456147
0.43469170913469224
0.6327344053227122
1.453441873164256
1.1083824734459726
0.5449741490910397
0.9242124268899942
1.4001252268458515
1.031460573521347
0.6192342515437634
0.7180132936184827
1.346625174325104
0.9935696915315149
0.5855765693219227
0.6715995067458338
1.2132907442779683
1.4889037554276243
1.2805616484233282
1.042158647848963
0.8236634276090886
0.8810993104705582
1.1315936082224698
0.6092283203975732
0.022694801366587334
0.028617817462418958
1.2030461172203937
0.8005127127009676
0.19114143705658823
0.22370865602298726
1.291011141214039
0.9315597140123543
0.3895013648989469
0.41398640399409287
1.4100420332277415
1.2006735995379185
0.7515969459586307
0.6082575011532597
1.3673810530020638
0.9735694435366183
0.41292613321298305
0.4688183294848442
1.331437443061935
1.0245236948023781
0.6171788320422757
0.6738275374279914
1.1987932912120047
1.5006896360497193
1.3103294919085269
0.9831229482894294
0.6550752827127159
0.7084481175358489
1.1936828213379067
0.7682130907115882
0.14037722354495394
0.07445153197731495
1.2133344023632937
0.8316362286470589
0.22992286942373533
0.24179628762515934
1.3295313940233502
1.0268854216292709
0.45837249220673476
0.24042708622869438
1.4046537258976408
1.0532745265048786
0.40482395048971714
0.6567899651219882
1.361134531327874
1.0055357387248052
0.4262248503486133
0.4713047857671297
1.351809699848163
1.0566485048939973
0.6309798747156634
0.6860341619878788
1.243113338964461
1.514456364146232
1.3582845923749332
1.0604038185606908
0.742729895603011
0.8209847178122265
1.2608553322186256
0.7950419029023434
0.10640554410100035
0.1026271741930379
1.28625164547103
0.909332313132664
0.2759878842753578
0.37466944402916175
1.3522412867955802
1.0813640837672642
0.6057352663075372
0.37356744496020017
1.4204681619617783
1.0903023926877404
0.4930776943107107
0.7299062812588315
1.3662309147788714
1.0034542597109817
0.4314267963388347
0.46956205501438497
1.3534811528760033
1.060778524254268
0.6234716274667703
0.6916403713779384
1.2477722442853234
1.5067092515239546
1.354709848304287
1.0279632388079398
0.7131853715613281
0.7824987930534257
1.240156472852845
0.7860754171510645
0.08119856629227114
0.07783592450764452
1.3392716614348583
1.0549938361779034
0.5077657126928987
0.11641528726947083
1.3327859009883973
0.9572048784740973
0.19260943467972827
0.27360847391271637
1.4198662054353093
1.078697860455653
0.4732633709878897
0.6754673647845509
1.3586092205802236
1.0153709218802263
0.38434873651303064
0.4119919183340659
1.3505815102824792
1.0383099887321874
0.5083397398459565
0.5766141285605483
1.2137833891621765
1.5263791765068018
1.4021316754815814
1.1353664563435804
0.714187680549914
1.4060129398780732
0.7153700561000873
0.19829209670055634
0.2046795608369208
1.2314061621092574
0.8421816193835937
0.40492070617352416
0.3852707430204108
1.8321414652841057
1.808664615397024
1.488072425201262
1.3848720991235635
2.1932043185363757
2.0704221670510603
1.183436591159881
1.6617102796316763
1.0725988408452178
1.4523249475118465
1.0288345479644985
0.23789828745358066
0.3042498778901559
1.3840502703754767
0.9877488518328934
0.52969121433865
0.5569228401925631
1.3008136316427372
1.554438894879511
1.3155569809426415
0.9747099959146055
0.4308376946830103
0.5146172017886267
1.1950641516848242
0.7277462997876699
0.08909830640275311
0.11045078561811314
2.430362340332379
2.450810043001348
1.3370029790937374
1.1926565640790059
1.475398831698435
0.925062087953504
0.15183757487442037
0.2076081010523569
1.4854823089298266
1.1100554671425915
0.4613755750503479
0.8668739129860734
1.3828683573011977
1.0082231043049934
0.5162353006982567
0.5301885039547982
1.3167864391382846
0.9601149764489154
0.41878326947837463
0.5002951456785291
1.230708590005955
1.479866059716412
1.358539829646035
1.1009485860210082
0.9547058951078727
1.0383166422814425
1.3107387248180322
0.8650990840125009
0.18145360245154152
0.14727194164802548
1.3295916071307432
1.029629100126571
0.573123158168246
0.32705010771980564
1.3122822292510126
0.9625243094419281
0.3881490463980444
0.504132176575013
1.4219762352801373
1.0732617342311175
0.4801345576140421
0.7252018137422079
1.3569537054938476
0.9940046037763125
0.42835495802148515
0.4369014813585083
1.3341614224063167
1.0160152188235188
0.5657375359395095
0.6001890184882
1.2140385287288775
1.4789444727387764
1.3114499991510706
0.9693266576882142
0.6162872898543292
0.6582815382622665
1.2358104957933058
0.8206081639968714
0.18200673090159955
0.19978927452625514
1.3430839701387218
1.0574182114507913
0.4445237926360585
0.1861383800418823
1.35530229804376
0.9957410891257709
0.4736443041237405
0.5870949945653499
1.4213717681567088
1.0647438981333865
0.46849954912897657
0.704999628642618
1.3908122825281983
1.1107766097796135
0.7635928862063934
0.7441598107576078
1.332909811315925
1.040170011804863
0.6854102481964962
0.6919232932881673
1.2034252079599321
1.4817728507423844
1.3315595604874795
1.001044578204956
0.642151810103126
0.6911717900984802
1.1855972414447808
0.7422948317333348
0.1427188952628132
0.13470534600836245
1.2134982987585181
0.8705974373530577
0.3268812068197315
0.311598990615324
1.3315760790602764
1.1032834323494665
0.619665438162839
0.39666156135914227
1.4094632823769115
1.0441417793246488
0.5126955513198311
0.7125929709655696
1.398769473478432
1.0393209209339174
0.6440384121584991
1.06719774940546
1.4042213532765515
1.0761490363187596
0.6888660805497588
0.692334248169875
1.20095660171811
1.4962282883987676
