1.4848208575461113
1.1232737640280384
0.9858113147367373
1.1154642829534143
1.235534144190157
0.6687954754536813
0.04529773001949415
0.0625387100595934
1.297817350651398
1.0071364732095998
0.4969815834816398
0.45581945559012815
1.3103671544399262
0.9908097683480783
0.5974537031065792
0.6599499000306973
1.4315033557858565
1.1109734394565345
0.4871955626142151
0.7565718429665765
1.3690242232955858
1.0035185380947202
0.43389584981695095
0.5614256325653274
1.3418763007635615
0.9735141612327541
0.5868293787542422
0.6444641677002696
1.192987731938434
1.4813401229110812
1.287196241617657
1.0389522608208102
0.8061986916971181
0.8760605703717882
1.123961249123337
0.6011929458278056
0.024974709528154993
0.020796543326894984
1.1959090279899713
0.8099885020246622
0.2092614861087638
0.22883837772274335
1.2966455244993873
0.9295078226844368
0.4001198793742555
0.41131025185504533
1.426739918043928
1.1977470588754136
0.7149662415874044
0.6935662471876821
1.380432695829301
0.9583773520760172
0.4347646841390797
0.46944426838808434
1.342853266349826
1.0232268569477534
0.6349033797163008
0.7094391328256916
1.1955830278545934
1.498312855333986
1.315111214048896
0.9901070299326362
0.6669120016019285
0.7062013274600932
1.1963872426443598
0.7399963197422343
0.06802737058065465
0.08554281656768103
1.2227657216897332
0.8791619453411685
0.35082486211563985
0.27411364724646337
1.3045581764411378
0.9901570917231391
0.45080102001517985
0.2621702516266595
1.4107805255165429
1.0617265513296643
0.4460543486197807
0.6694003604573326
1.3542541446965048
0.9875901267348725
0.40778729432284166
0.5320307381359751
1.3829844614739615
1.0656628168925701
0.6639768476207607
0.680358912176174
1.2600132691501331
1.5743198128384956
1.3989880925965446
1.1917191403356522
0.8220130172240101
1.1725495396328798
1.311351225147471
0.8699265226421912
0.3312074370857942
0.16729429396342324
1.280515461745057
0.8953221358296043
0.3046181771101905
0.31368749367068705
1.3441374899710268
1.0481484258167215
0.541344080589373
0.3004597851089815
1.4074829128754776
1.0730421123934302
0.4538176390209267
0.6632733160693565
1.3542849604538836
1.0001497409584905
0.4166326213751878
0.4264178967097684
1.3493649685883549
1.0553961915004426
0.5799078268811355
0.6370196455569568
1.2421422375120026
1.503331207718621
1.3473648113416017
1.039231322760042
0.7152846133062402
0.807763485745895
1.2663089848870441
0.7981450163816591
0.09567924698748212
0.10510034879989152
1.3441868453070727
1.0635866660498356
0.5409577934223642
0.16339332947710594
1.3119579293544474
0.9119954949646004
0.22473780764702916
0.3134744229084692
1.4248813254213428
1.0891730881892565
0.484650086570836
0.6899363222845324
1.3663096206827228
1.0039333054934219
0.3794639568161139
0.4002377617578622
1.3396303866100245
1.0265650494018568
0.4968071856145105
0.5668223691375736
1.1912637455770105
1.4891434676986908
1.3040199018199765
0.9721735395669956
0.6769415209811741
0.7211872899193125
1.184528667152815
0.7352864715237704
0.20576831924546538
0.19750324530949828
1.296678844888924
0.932822571108579
0.4156588846632132
0.40736016705542616
1.307385209746215
1.0632413649875692
0.6055606298416132
0.4280474797243133
1.4162591925597892
1.0593311119647417
0.42432851107527386
0.6510808240364574
1.3683164204318
1.0506076968233693
0.6123526616923144
0.6705027934357086
1.331294850189199
1.0114484136367143
0.5871298319861311
0.632571771960847
1.1970037275624934
1.4762546670344807
1.2999709362526382
0.9671832882441159
0.6283949112796605
0.6819791629865789
1.1782045110252461
0.7333316367962806
0.03675391325510053
0.04956117134258249
1.6673835227559934
1.5629712164695277
0.7701874160122238
1.3483816665200654
1.1070345664424919
1.395155704639009
0.83471698280325
0.3094312243413529
0.5078166403315008
1.4376745814741307
1.1833314820058218
0.7725455102113
0.47533584232518983
1.3008327540830653
0.9116550736093266
0.46769180792884624
0.6301976688308772
1.2712719604915104
0.9176924017622511
0.4614189311939303
0.7295530598815805
1.529202056829293
1.3166154636570355
1.005295736724873
0.7202686151324593
0.7281547231334359
1.3245881121807535
0.8691102763506925
0.08713675515256253
0.07535666493522164
2.0824277478017974
1.4560123692780913
1.4653390513053202
1.6440981145532458
0.7309406719057207
0.5847210620478707
1.8083500700689314
1.1167432747051091
0.6628626019486415
1.6386340706036642
1.0508252429990754
0.44793981950043993
0.36319319152372825
1.2831623968352124
0.897117128159676
0.3109532567044552
0.2792994000984363
1.2325809187230603
0.8434380530311232
0.2816216799578705
0.2713837792624625
1.479527387625108
1.3067348890250747
1.0640332343331966
0.8000663690772393
0.4897964364521076
1.3613007039505507
0.8873384216931124
0.05824250710590852
0.067017152268834
1.3339692704748225
1.0025585984366232
0.30869120259805044
0.3391360269570614
1.3337487259677088
0.9525732063471012
0.24490315262543835
0.2882352024394949
1.4284535908522036
1.0996061830712742
0.4648646075830325
0.7002286135978648
1.369128110951505
1.008582380013434
0.3851224376053187
0.4396579293584485
1.3541306229233108
1.0478933344337433
0.5656438645066122
0.6217500912208211
1.2377804580230642
1.494217651234942
1.3499824583861062
1.111682227823416
0.8552007703356065
0.9696018821548473
1.2705938771207081
0.7721469082719289
0.0746141879293721
0.07314914543365887
1.340156108416251
1.0686473069542173
0.5785990161129057
0.31450418481014897
1.3207895596693393
0.9910920618799708
0.48455982930841296
0.5353317611268315
1.4307058372900032
1.0907231541635753
0.46310828414604743
0.722307391232845
1.366647499819423
1.0061162441144729
0.39974855469667664
0.4157461383069222
1.3415996430194228
1.0360842908915497
0.506697777261146
0.5698771257780036
1.2269962602147886
1.4955057782345273
